#x, y
64769.86013, 3.37
64779.86013, 3.4641303960585725
64789.86013, 3.5582607921171445
64799.86013, 3.652391188175717
64809.86013, 3.746521584234289
64819.86013, 3.8406519802928614
64829.86013, 3.934782376351434
64839.86013, 4.028912772410006
64849.86013, 4.123043168468579
64859.86013, 4.21717356452715
64869.86013, 4.311303960585723
64879.86013, 4.405434356644295
64889.86013, 4.4995647527028675
64899.86013, 4.59369514876144
64909.86013, 4.6878255448200115
64919.86013, 4.781955940878584
64929.86013, 4.876086336937156
64939.86013, 4.970216732995729
64949.86013, 5.064347129054301
64959.86013, 5.158477525112874
64969.86013, 5.252607921171446
64979.86013, 5.346738317230018
64989.86013, 5.44086871328859
64999.86013, 5.431503643161912
65009.86013, 5.375753997476352
65019.86013, 5.320004351790792
65029.86013, 5.264254706105232
65039.86013, 5.208505060419672
65049.86013, 5.152755414734112
65059.86013, 5.097005769048551
65069.86013, 5.041256123362992
65079.86013, 4.985506477677431
65089.86013, 4.929756831991871
65099.86013, 4.874007186306311
65109.86013, 4.818257540620751
65119.86013, 4.76250789493519
65129.86013, 4.7067582492496305
65139.86013, 4.651008603564071
65149.86013, 4.59525895787851
65159.86013, 4.53950931219295
65169.86013, 4.48375966650739
65179.86013, 4.42801002082183
65189.86013, 4.372260375136269
65199.86013, 4.31651072945071
65209.86013, 4.26076108376515
65219.86013, 4.205011438079589
65229.86013, 4.149261792394029
65239.86013, 4.093512146708469
65249.86013, 4.037762501022909
65259.86013, 3.9820128553373486
65269.86013, 3.926263209651789
65279.86013, 3.8705135639662283
65289.86013, 3.8147639182806685
65299.86013, 3.759014272595108
65309.86013, 3.703264626909548
65319.86013, 3.6475149812239875
65329.86013, 3.591765335538428
65339.86013, 3.5360156898528676
65349.86013, 3.4802660441673074
65359.86013, 3.4245163984817473
65369.86013, 3.368766752796187
65379.86013, 3.313017107110627
65389.86013, 3.2572674614250667
65399.86013, 3.2015178157395066
65409.86013, 3.145768170053947
65419.86013, 3.0900185243683866
65429.86013, 3.0342688786828265
65439.86013, 2.9785192329972663
65449.86013, 2.922769587311706
65459.86013, 2.867019941626146
65469.86013, 2.8112702959405858
65479.86013, 2.7555206502550256
65489.86013, 2.6997710045694654
65499.86013, 2.644021358883905
65509.86013, 2.588271713198345
65519.86013, 2.5325220675127853
65529.86013, 2.476772421827225
65539.86013, 2.421022776141665
65549.86013, 2.3652731304561048
65559.86013, 2.3095234847705446
65569.86013, 2.2537738390849844
65579.86013, 2.1980241933994242
65589.86013, 2.142274547713864
65599.86013, 2.086524902028304
65609.86013, 2.0307752563427437
65619.86013, 1.9750256106571835
65629.86013, 1.9192759649716238
65639.86013, 1.8635263192860636
65649.86013, 1.8077766736005034
65659.86013, 1.7520270279149432
65669.86013, 1.696277382229383
65679.86013, 1.640527736543823
65689.86013, 1.5847780908582627
65699.86013, 1.5290284451727025
65709.86013, 1.4732787994871424
65719.86013, 1.4175291538015822
65729.86013, 1.3617795081160224
65739.86013, 1.3060298624304618
65749.86013, 1.250280216744902
65759.86013, 1.1945305710593415
65769.86013, 1.1387809253737817
65779.86013, 1.083031279688221
65789.86013, 1.0272816340026614
65799.86013, 0.9715319883171016
65809.86013, 0.915782342631541
65819.86013, 0.8600326969459813
65829.86013, 0.8042830512604207
65839.86013, 0.7485334055748609
65849.86013, 0.6927837598893003
65859.86013, 0.6370341142037406
65869.86013, 0.5812844685181799
65879.86013, 0.5255348228326202
65889.86013, 0.4697851771470596
65899.86013, 0.43085795861993104
65909.86013, 0.4338540426398081
65919.86013, 0.4368501266596851
65929.86013, 0.4398462106795621
65939.86013, 0.44284229469943914
65949.86013, 0.44583837871931614
65959.86013, 0.44883446273919314
65969.86013, 0.45183054675907014
65979.86013, 0.4548266307789472
65989.86013, 0.4578227147988242
65999.86013, 0.4608187988187012
66009.86013, 0.4638148828385782
66019.86013, 0.46681096685845525
66029.86013, 0.46980705087833224
66039.86013, 0.47280313489820924
66049.86013, 0.47579921891808624
66059.86013, 0.4787953029379633
66069.86013, 0.4817913869578403
66079.86013, 0.4847874709777173
66089.86013, 0.4877835549975943
66099.86013, 0.49077963901747135
66109.86013, 0.49377572303734835
66119.86013, 0.49677180705722535
66129.86013, 0.4997678910771024
66139.86013, 0.5027639750969793
66149.86013, 0.5057600591168564
66159.86013, 0.5087561431367335
66169.86013, 0.5117522271566104
66179.86013, 0.5147483111764874
66189.86013, 0.5177443951963645
66199.86013, 0.5207404792162414
66209.86013, 0.5237365632361185
66219.86013, 0.5267326472559954
66229.86013, 0.5297287312758725
66239.86013, 0.5327248152957496
66249.86013, 0.5357208993156265
66259.86013, 0.5387169833355036
66269.86013, 0.5417130673553806
66279.86013, 0.5447091513752575
66289.86013, 0.5477052353951346
66299.86013, 0.5507013194150117
66309.86013, 0.5536974034348886
66319.86013, 0.5566934874547657
66329.86013, 0.5596895714746426
66339.86013, 0.5626856554945197
66349.86013, 0.5656817395143967
66359.86013, 0.5686778235342737
66369.86013, 0.5716739075541507
66379.86013, 0.5746699915740276
66389.86013, 0.5776660755939047
66399.86013, 0.5806621596137818
66409.86013, 0.5836582436336588
66419.86013, 0.5866543276535358
66429.86013, 0.5896504116734128
66439.86013, 0.5926464956932898
66449.86013, 0.5956425797131668
66459.86013, 0.5986386637330439
66469.86013, 0.6016347477529208
66479.86013, 0.6046308317727979
66489.86013, 0.6076269157926748
66499.86013, 0.6106229998125519
66509.86013, 0.6136190838324289
66519.86013, 0.616615167852306
66529.86013, 0.6196112518721829
66539.86013, 0.62260733589206
66549.86013, 0.6256034199119369
66559.86013, 0.628599503931814
66569.86013, 0.631595587951691
66579.86013, 0.634591671971568
66589.86013, 0.637587755991445
66599.86013, 0.640583840011322
66609.86013, 0.643579924031199
66619.86013, 0.6465760080510761
66629.86013, 0.649572092070953
66639.86013, 0.6525681760908301
66649.86013, 0.655564260110707
66659.86013, 0.6585603441305841
66669.86013, 0.6615564281504611
66679.86013, 0.6645525121703382
66689.86013, 0.6675485961902151
66699.86013, 0.6705446802100922
66709.86013, 0.6735407642299691
66719.86013, 0.6765368482498462
66729.86013, 0.6795329322697232
66739.86013, 0.6825290162896003
66749.86013, 0.6855251003094772
66759.86013, 0.6885211843293542
66769.86013, 0.6915172683492312
66779.86013, 0.6945133523691083
66789.86013, 0.6975094363889853
66799.86013, 0.7005055204088623
66809.86013, 0.7035016044287392
66819.86013, 0.7064976884486163
66829.86013, 0.7094937724684933
66839.86013, 0.7124898564883704
66849.86013, 0.7154859405082473
66859.86013, 0.7184820245281244
66869.86013, 0.7214781085480013
66879.86013, 0.7244741925678784
66889.86013, 0.7274702765877554
66899.86013, 0.7304663606076325
66909.86013, 0.7334624446275094
66919.86013, 0.7364585286473864
66929.86013, 0.7394546126672634
66939.86013, 0.7424506966871405
66949.86013, 0.7454467807070175
66959.86013, 0.7484428647268945
66969.86013, 0.7514389487467715
66979.86013, 0.7544350327666485
66989.86013, 0.7574311167865255
66999.86013, 0.7604272008064026
67009.86013, 0.7634232848262796
67019.86013, 0.7664193688461566
67029.86013, 0.7694154528660335
67039.86013, 0.7724115368859106
67049.86013, 0.7754076209057876
67059.86013, 0.7784037049256647
67069.86013, 0.7813997889455416
67079.86013, 0.7843958729654187
67089.86013, 0.7873919569852956
67099.86013, 0.7903880410051727
67109.86013, 0.7933841250250497
67119.86013, 0.7963802090449268
67129.86013, 0.7993762930648037
67139.86013, 0.8023723770846807
67149.86013, 0.8053684611045577
67159.86013, 0.8083645451244348
67169.86013, 0.8113606291443118
67179.86013, 0.8143567131641888
67189.86013, 0.8173527971840657
67199.86013, 0.8203488812039428
67209.86013, 0.8233449652238198
67219.86013, 0.8263410492436969
67229.86013, 0.829337133263574
67239.86013, 0.8323332172834509
67249.86013, 0.8353293013033278
67259.86013, 0.8383253853232049
67269.86013, 0.8413214693430819
67279.86013, 0.844317553362959
67289.86013, 0.8473136373828359
67299.86013, 0.8503097214027129
67309.86013, 0.8533058054225899
67319.86013, 0.856301889442467
67329.86013, 0.859297973462344
67339.86013, 0.862294057482221
67349.86013, 0.865290141502098
67359.86013, 0.868286225521975
67369.86013, 0.871282309541852
67379.86013, 0.8742783935617291
67389.86013, 0.8772744775816061
67399.86013, 0.8802705616014831
67409.86013, 0.88326664562136
67419.86013, 0.8862627296412371
67429.86013, 0.8892588136611141
67439.86013, 0.8922548976809912
67449.86013, 0.8952509817008681
67459.86013, 0.8982470657207452
67469.86013, 0.9012431497406221
67479.86013, 0.9042392337604992
67489.86013, 0.9072353177803762
67499.86013, 0.9102314018002533
67509.86013, 0.9132274858201302
67519.86013, 0.9162235698400072
67529.86013, 0.9192196538598842
67539.86013, 0.9222157378797613
67549.86013, 0.9252118218996384
67559.86013, 0.9282079059195153
67569.86013, 0.9312039899393922
67579.86013, 0.9342000739592693
67589.86013, 0.9371961579791463
67599.86013, 0.9401922419990234
67609.86013, 0.9431883260189005
67619.86013, 0.9461844100387773
67629.86013, 0.9491804940586543
67639.86013, 0.9521765780785314
67649.86013, 0.9551726620984085
67659.86013, 0.9581687461182855
67669.86013, 0.9611648301381626
67679.86013, 0.9641609141580394
67689.86013, 0.9671569981779164
67699.86013, 0.9701530821977935
67709.86013, 0.9731491662176706
67719.86013, 0.9761452502375476
67729.86013, 0.9791413342574244
67739.86013, 0.9821374182773015
67749.86013, 0.9851335022971786
67759.86013, 0.9881295863170556
67769.86013, 0.9911256703369327
67779.86013, 0.9941217543568097
67789.86013, 0.9971178383766865
67799.86013, 1.0001139223965636
67809.86013, 1.0031100064164407
67819.86013, 1.0061060904363177
67829.86013, 1.0091021744561948
67839.86013, 1.0120982584760716
67849.86013, 1.0150943424959487
67859.86013, 1.0180904265158257
67869.86013, 1.0210865105357028
67879.86013, 1.0240825945555798
67889.86013, 1.0270786785754566
67899.86013, 1.0300747625953337
67909.86013, 1.0330708466152108
67919.86013, 1.0360669306350878
67929.86013, 1.0390630146549649
67939.86013, 1.042059098674842
67949.86013, 1.0450551826947188
67959.86013, 1.0480512667145958
67969.86013, 1.0510473507344729
67979.86013, 1.05404343475435
67989.86013, 1.057039518774227
67999.86013, 1.0600356027941038
68009.86013, 1.0630316868139809
68019.86013, 1.066027770833858
68029.86013, 1.069023854853735
68039.86013, 1.072019938873612
68049.86013, 1.075016022893489
68059.86013, 1.078012106913366
68069.86013, 1.081008190933243
68079.86013, 1.08400427495312
68089.86013, 1.087000358972997
68099.86013, 1.0899964429928741
68109.86013, 1.092992527012751
68119.86013, 1.095988611032628
68129.86013, 1.098984695052505
68139.86013, 1.1019807790723821
68149.86013, 1.1049768630922592
68159.86013, 1.1079729471121362
68169.86013, 1.110969031132013
68179.86013, 1.1139651151518901
68189.86013, 1.1169611991717672
68199.86013, 1.1199572831916442
68209.86013, 1.1229533672115213
68219.86013, 1.1259494512313981
68229.86013, 1.1289455352512752
68239.86013, 1.1319416192711522
68249.86013, 1.1349377032910293
68259.86013, 1.1379337873109063
68269.86013, 1.1409298713307832
68279.86013, 1.1439259553506602
68289.86013, 1.1469220393705373
68299.86013, 1.1499181233904143
68309.86013, 1.1529142074102914
68319.86013, 1.1559102914301684
68329.86013, 1.1589063754500453
68339.86013, 1.1619024594699223
68349.86013, 1.1648985434897994
68359.86013, 1.1678946275096764
68369.86013, 1.1708907115295535
68379.86013, 1.1738867955494303
68389.86013, 1.1768828795693074
68399.86013, 1.1798789635891844
68409.86013, 1.1828750476090615
68419.86013, 1.1858711316289385
68429.86013, 1.1888672156488156
68439.86013, 1.1918632996686924
68449.86013, 1.1948593836885695
68459.86013, 1.1978554677084465
68469.86013, 1.2008515517283236
68479.86013, 1.2038476357482006
68489.86013, 1.2068437197680775
68499.86013, 1.2098398037879545
68509.86013, 1.2128358878078316
68519.86013, 1.2158319718277086
68529.86013, 1.2188280558475857
68539.86013, 1.2218241398674627
68549.86013, 1.2248202238873396
68559.86013, 1.2278163079072166
68569.86013, 1.2308123919270937
68579.86013, 1.2338084759469707
68589.86013, 1.2368045599668478
68599.86013, 1.2398006439867246
68609.86013, 1.2427967280066017
68619.86013, 1.2457928120264787
68629.86013, 1.2487888960463558
68639.86013, 1.2517849800662328
68649.86013, 1.2547810640861097
68659.86013, 1.2577771481059867
68669.86013, 1.2607732321258638
68679.86013, 1.2637693161457408
68689.86013, 1.266765400165618
68699.86013, 1.269761484185495
68709.86013, 1.2727575682053718
68719.86013, 1.2757536522252488
68729.86013, 1.278749736245126
68739.86013, 1.281745820265003
68749.86013, 1.28474190428488
68759.86013, 1.2877379883047568
68769.86013, 1.2907340723246339
68779.86013, 1.293730156344511
68789.86013, 1.296726240364388
68799.86013, 1.299722324384265
68809.86013, 1.302718408404142
68819.86013, 1.305714492424019
68829.86013, 1.308710576443896
68839.86013, 1.311706660463773
68849.86013, 1.31470274448365
68859.86013, 1.3176988285035272
68869.86013, 1.320694912523404
68879.86013, 1.323690996543281
68889.86013, 1.326687080563158
68899.86013, 1.3296831645830351
68909.86013, 1.3326792486029122
68919.86013, 1.3356753326227893
68929.86013, 1.338671416642666
68939.86013, 1.3416675006625431
68949.86013, 1.3446635846824202
68959.86013, 1.3476596687022973
68969.86013, 1.3506557527221743
68979.86013, 1.3536518367420511
68989.86013, 1.3566479207619282
68999.86013, 1.3596440047818052
69009.86013, 1.3626400888016823
69019.86013, 1.3656361728215594
69029.86013, 1.3686322568414362
69039.86013, 1.3716283408613132
69049.86013, 1.3746244248811903
69059.86013, 1.3776205089010674
69069.86013, 1.3806165929209444
69079.86013, 1.3836126769408215
69089.86013, 1.3866087609606983
69099.86013, 1.3896048449805753
69109.86013, 1.3926009290004524
69119.86013, 1.3955970130203295
69129.86013, 1.3985930970402065
69139.86013, 1.4015891810600833
69149.86013, 1.4045852650799604
69159.86013, 1.4075813490998375
69169.86013, 1.4105774331197145
69179.86013, 1.4135735171395916
69189.86013, 1.4165696011594686
69199.86013, 1.4195656851793454
69209.86013, 1.4225617691992225
69219.86013, 1.4255578532190996
69229.86013, 1.4285539372389766
69239.86013, 1.4315500212588534
69249.86013, 1.4345461052787305
69259.86013, 1.4375421892986076
69269.86013, 1.4405382733184846
69279.86013, 1.4435343573383617
69289.86013, 1.4465304413582385
69299.86013, 1.4495265253781155
69309.86013, 1.4525226093979926
69319.86013, 1.4555186934178697
69329.86013, 1.4585147774377467
69339.86013, 1.4615108614576238
69349.86013, 1.4645069454775006
69359.86013, 1.4675030294973777
69369.86013, 1.4704991135172547
69379.86013, 1.4734951975371318
69389.86013, 1.4764912815570088
69399.86013, 1.4794873655768856
69409.86013, 1.4824834495967627
69419.86013, 1.4854795336166398
69429.86013, 1.4884756176365168
69439.86013, 1.4914717016563939
69449.86013, 1.494467785676271
69459.86013, 1.4974638696961478
69469.86013, 1.5004599537160248
69479.86013, 1.5034560377359019
69489.86013, 1.506452121755779
69499.86013, 1.509448205775656
69509.86013, 1.5124442897955328
69519.86013, 1.5154403738154099
69529.86013, 1.518436457835287
69539.86013, 1.521432541855164
69549.86013, 1.524428625875041
69559.86013, 1.5274247098949179
69569.86013, 1.530420793914795
69579.86013, 1.533416877934672
69589.86013, 1.536412961954549
69599.86013, 1.539409045974426
69609.86013, 1.5424051299943031
69619.86013, 1.54540121401418
69629.86013, 1.548397298034057
69639.86013, 1.551393382053934
69649.86013, 1.5543894660738111
69659.86013, 1.5573855500936882
69669.86013, 1.560381634113565
69679.86013, 1.563377718133442
69689.86013, 1.5663738021533191
69699.86013, 1.5693698861731962
69709.86013, 1.5723659701930732
69719.86013, 1.5753620542129503
69729.86013, 1.5783581382328271
69739.86013, 1.5813542222527042
69749.86013, 1.5843503062725812
69759.86013, 1.5873463902924583
69769.86013, 1.5903424743123353
69779.86013, 1.5933385583322122
69789.86013, 1.5963346423520892
69799.86013, 1.5993307263719663
69809.86013, 1.6023268103918433
69819.86013, 1.6053228944117204
69829.86013, 1.6083189784315974
69839.86013, 1.6113150624514743
69849.86013, 1.6143111464713513
69859.86013, 1.6173072304912284
69869.86013, 1.6203033145111054
69879.86013, 1.6232993985309825
69889.86013, 1.6262954825508593
69899.86013, 1.6292915665707364
69909.86013, 1.6322876505906134
69919.86013, 1.6352837346104905
69929.86013, 1.6382798186303675
69939.86013, 1.6412759026502444
69949.86013, 1.6442719866701214
69959.86013, 1.6472680706899985
69969.86013, 1.6502641547098755
69979.86013, 1.6532602387297526
69989.86013, 1.6562563227496296
69999.86013, 1.6592524067695065
70009.86013, 1.6622484907893835
70019.86013, 1.6652445748092606
70029.86013, 1.6682406588291376
70039.86013, 1.6712367428490147
70049.86013, 1.6742328268688915
70059.86013, 1.6772289108887686
70069.86013, 1.6802249949086456
70079.86013, 1.6832210789285227
70089.86013, 1.6862171629483997
70099.86013, 1.6892132469682768
70109.86013, 1.6922093309881536
70119.86013, 1.6952054150080307
70129.86013, 1.6982014990279077
70139.86013, 1.7011975830477848
70149.86013, 1.7041936670676618
70159.86013, 1.7071897510875387
70169.86013, 1.7071883961418026
70179.86013, 1.6618589559358354
70189.86013, 1.616529515729868
70199.86013, 1.5712000755239008
70209.86013, 1.5258706353179337
70219.86013, 1.4805411951119665
70229.86013, 1.4352117549059993
70239.86013, 1.3898823147000319
70249.86013, 1.344552874494065
70259.86013, 1.2992234342880975
70269.86013, 1.2538939940821303
70279.86013, 1.2085645538761631
70289.86013, 1.163235113670196
70299.86013, 1.1179056734642288
70309.86013, 1.0725762332582613
70319.86013, 1.0272467930522944
70329.86013, 1.0113793928002952
70339.86013, 1.1312801987064982
70349.86013, 1.2511810046127012
70359.86013, 1.3710818105189042
70369.86013, 1.4909826164251072
70379.86013, 1.6108834223313102
70389.86013, 1.7307842282375132
70399.86013, 1.8506850341437162
70409.86013, 1.9705858400499192
70419.86013, 2.090486645956122
70429.86013, 2.210387451862325
70439.86013, 2.330288257768528
70449.86013, 2.450189063674731
70459.86013, 2.570089869580934
70469.86013, 2.689990675487137
70479.86013, 2.80989148139334
70489.86013, 2.929792287299543
70499.86013, 3.0496930932057458
70509.86013, 3.169593899111949
70519.86013, 3.283080433746791
70529.86013, 3.321980693215074
70539.86013, 3.3608809526833574
70549.86013, 3.3997812121516406
70559.86013, 3.438681471619924
70569.86013, 3.4775817310882067
70579.86013, 3.51648199055649
70589.86013, 3.555382250024773
70599.86013, 3.5942825094930564
70609.86013, 3.6331827689613396
70619.86013, 3.672083028429623
70629.86013, 3.710983287897906
70639.86013, 3.7498835473661893
70649.86013, 3.7887838068344726
70659.86013, 3.8276840663027554
70669.86013, 3.8665843257710386
70679.86013, 3.905484585239322
70689.86013, 3.944384844707605
70699.86013, 3.9832851041758883
70709.86013, 4.022185363644171
70719.86013, 4.061085623112454
70729.86013, 4.099985882580738
70739.86013, 4.138886142049021
70749.86013, 4.177786401517304
70759.86013, 4.216686660985587
70769.86013, 4.2555869204538705
70779.86013, 4.294487179922154
70789.86013, 4.333387439390437
70799.86013, 4.37228769885872
70809.86013, 4.4111879583270035
70819.86013, 4.450088217795287
70829.86013, 4.48898847726357
70839.86013, 4.527888736731853
70849.86013, 4.5667889962001365
70859.86013, 4.60568925566842
70869.86013, 4.644589515136702
70879.86013, 4.683489774604985
70889.86013, 4.7223900340732685
70899.86013, 4.761290293541552
70909.86013, 4.800190553009835
70919.86013, 4.839090812478118
70929.86013, 4.8779910719464015
70939.86013, 4.916891331414685
70949.86013, 4.955791590882968
70959.86013, 4.994691850351251
70969.86013, 5.033592109819534
70979.86013, 5.072492369287817
70989.86013, 5.1113926287561
70999.86013, 5.150292888224383
71009.86013, 5.1891931476926665
71019.86013, 5.22809340716095
71029.86013, 5.266993666629233
71039.86013, 5.305893926097516
71049.86013, 5.344794185565799
71059.86013, 5.383694445034083
71069.86013, 5.422594704502366
71079.86013, 5.461494963970649
71089.86013, 5.47194574299667
71099.86013, 5.474435933851201
71109.86013, 5.476926124705733
71119.86013, 5.479416315560264
71129.86013, 5.481906506414796
71139.86013, 5.484396697269327
71149.86013, 5.486886888123858
71159.86013, 5.489377078978389
71169.86013, 5.491867269832921
71179.86013, 5.494357460687453
71189.86013, 5.496847651541984
71199.86013, 5.499337842396515
71209.86013, 5.501828033251046
71219.86013, 5.504318224105578
71229.86013, 5.506808414960109
71239.86013, 5.5092986058146405
71249.86013, 5.511788796669172
71259.86013, 5.514278987523704
71269.86013, 5.516769178378235
71279.86013, 5.519259369232766
71289.86013, 5.521749560087297
71299.86013, 5.524239750941828
71309.86013, 5.5267299417963605
71319.86013, 5.529220132650892
71329.86013, 5.531710323505423
71339.86013, 5.534200514359954
71349.86013, 5.536690705214486
71359.86013, 5.539180896069017
71369.86013, 5.541671086923548
71379.86013, 5.5441612777780795
71389.86013, 5.546651468632612
71399.86013, 5.549141659487143
71409.86013, 5.551631850341674
71419.86013, 5.554122041196205
71429.86013, 5.556612232050736
71439.86013, 5.559102422905268
71449.86013, 5.5615926137597995
71459.86013, 5.564082804614331
71469.86013, 5.566572995468862
71479.86013, 5.569063186323394
71489.86013, 5.571553377177925
71499.86013, 5.574043568032456
71509.86013, 5.576533758886987
71519.86013, 5.579023949741519
71529.86013, 5.581514140596051
71539.86013, 5.584004331450582
71549.86013, 5.586494522305113
71559.86013, 5.588984713159644
71569.86013, 5.591474904014176
71579.86013, 5.593965094868707
71589.86013, 5.596455285723239
71599.86013, 5.59894547657777
71609.86013, 5.601435667432302
71619.86013, 5.603925858286833
71629.86013, 5.606416049141364
71639.86013, 5.608906239995895
71649.86013, 5.6113964308504265
71659.86013, 5.613886621704959
71669.86013, 5.61637681255949
71679.86013, 5.618867003414021
71689.86013, 5.621357194268552
71699.86013, 5.623847385123084
71709.86013, 5.626337575977615
71719.86013, 5.6288277668321465
71729.86013, 5.631317957686678
71739.86013, 5.633808148541209
71749.86013, 5.636298339395741
71759.86013, 5.638788530250272
71769.86013, 5.641278721104803
71779.86013, 5.643768911959334
71789.86013, 5.6462591028138664
71799.86013, 5.648749293668398
71809.86013, 5.651239484522929
71819.86013, 5.65372967537746
71829.86013, 5.656219866231991
71839.86013, 5.658710057086523
71849.86013, 5.661200247941054
71859.86013, 5.6636904387955855
71869.86013, 5.666180629650117
71879.86013, 5.668670820504649
71889.86013, 5.67116101135918
71899.86013, 5.673651202213711
71909.86013, 5.676141393068242
71919.86013, 5.678631583922774
71929.86013, 5.6811217747773055
71939.86013, 5.683611965631837
71949.86013, 5.686102156486368
71959.86013, 5.688592347340899
71969.86013, 5.691082538195431
71979.86013, 5.693572729049962
71989.86013, 5.696062919904493
71999.86013, 5.698553110759025
72009.86013, 5.701043301613557
72019.86013, 5.703533492468088
72029.86013, 5.706023683322619
72039.86013, 5.70851387417715
72049.86013, 5.711004065031681
72059.86013, 5.713494255886213
72069.86013, 5.715984446740745
72079.86013, 5.718474637595276
72089.86013, 5.720964828449807
72099.86013, 5.723455019304339
72109.86013, 5.72594521015887
72119.86013, 5.728435401013401
72129.86013, 5.7309255918679325
72139.86013, 5.733415782722464
72149.86013, 5.735905973576996
72159.86013, 5.738396164431527
72169.86013, 5.740886355286058
72179.86013, 5.743376546140589
72189.86013, 5.745866736995121
72199.86013, 5.7483569278496525
72209.86013, 5.750847118704184
72219.86013, 5.753337309558715
72229.86013, 5.755827500413247
72239.86013, 5.758317691267778
72249.86013, 5.760807882122309
72259.86013, 5.76329807297684
72269.86013, 5.7657882638313716
72279.86013, 5.768278454685904
72289.86013, 5.770768645540435
72299.86013, 5.773258836394966
72309.86013, 5.775749027249497
72319.86013, 5.778239218104029
72329.86013, 5.78072940895856
72339.86013, 5.7832195998130915
72349.86013, 5.785709790667623
72359.86013, 5.788199981522155
72369.86013, 5.790690172376686
72379.86013, 5.793180363231217
72389.86013, 5.795670554085748
72399.86013, 5.798160744940279
72409.86013, 5.8006509357948115
72419.86013, 5.803141126649343
72429.86013, 5.805631317503874
72439.86013, 5.808121508358405
72449.86013, 5.810611699212936
72459.86013, 5.813101890067468
72469.86013, 5.815592080921999
72479.86013, 5.818082271776531
72489.86013, 5.820572462631062
72499.86013, 5.823062653485594
72509.86013, 5.825552844340125
72519.86013, 5.828043035194656
72529.86013, 5.830533226049187
72539.86013, 5.833023416903719
72549.86013, 5.835513607758251
72559.86013, 5.838003798612782
72569.86013, 5.840493989467313
72579.86013, 5.842984180321844
72589.86013, 5.845474371176376
72599.86013, 5.847964562030907
72609.86013, 5.8504547528854385
72619.86013, 5.85294494373997
72629.86013, 5.855435134594502
72639.86013, 5.857925325449033
72649.86013, 5.860415516303564
72659.86013, 5.862905707158095
72669.86013, 5.865395898012627
72679.86013, 5.8678860888671585
72689.86013, 5.87037627972169
72699.86013, 5.872866470576221
72709.86013, 5.875356661430752
72719.86013, 5.877846852285284
72729.86013, 5.880337043139815
72739.86013, 5.882827233994346
72749.86013, 5.8853174248488775
72759.86013, 5.88780761570341
72769.86013, 5.890297806557941
72779.86013, 5.892787997412472
72789.86013, 5.895278188267003
72799.86013, 5.897768379121534
72809.86013, 5.900258569976066
72819.86013, 5.9027487608305975
72829.86013, 5.905238951685129
72839.86013, 5.90772914253966
72849.86013, 5.910219333394192
72859.86013, 5.912709524248723
72869.86013, 5.915199715103254
72879.86013, 5.917689905957785
72889.86013, 5.920180096812317
72899.86013, 5.922670287666849
72909.86013, 5.92516047852138
72919.86013, 5.927650669375911
72929.86013, 5.930140860230442
72939.86013, 5.932631051084974
72949.86013, 5.935121241939505
72959.86013, 5.937611432794037
72969.86013, 5.940101623648568
72979.86013, 5.9425918145031
72989.86013, 5.945082005357631
72999.86013, 5.947572196212162
73009.86013, 5.950062387066693
73019.86013, 5.9525525779212245
73029.86013, 5.955042768775757
73039.86013, 5.957532959630288
73049.86013, 5.960023150484819
73059.86013, 5.96251334133935
73069.86013, 5.965003532193882
73079.86013, 5.967493723048413
73089.86013, 5.9699839139029445
73099.86013, 5.972474104757476
73109.86013, 5.974964295612008
73119.86013, 5.977454486466539
73129.86013, 5.97994467732107
73139.86013, 5.982434868175601
73149.86013, 5.984925059030132
73159.86013, 5.9874152498846644
73169.86013, 5.989905440739196
73179.86013, 5.992395631593727
73189.86013, 5.994885822448258
73199.86013, 5.997376013302789
73209.86013, 5.999866204157321
73219.86013, 6.002356395011852
73229.86013, 6.0048465858663835
73239.86013, 6.007336776720915
73249.86013, 6.009826967575447
73259.86013, 6.012317158429978
73269.86013, 6.014807349284509
73279.86013, 6.01729754013904
73289.86013, 6.019787730993572
73299.86013, 6.0222779218481035
73309.86013, 6.024768112702635
73319.86013, 6.027258303557166
73329.86013, 6.029748494411697
73339.86013, 6.032238685266229
73349.86013, 6.03472887612076
73359.86013, 6.037219066975291
73369.86013, 6.039709257829823
73379.86013, 6.042199448684355
73389.86013, 6.044689639538886
73399.86013, 6.047179830393417
73409.86013, 6.049670021247948
73419.86013, 6.05216021210248
73429.86013, 6.054650402957011
73439.86013, 6.057140593811543
73449.86013, 6.059630784666074
73459.86013, 6.062120975520605
73469.86013, 6.064611166375137
73479.86013, 6.067101357229668
73489.86013, 6.069591548084199
73499.86013, 6.0720817389387305
73509.86013, 6.074571929793262
73519.86013, 6.077062120647794
73529.86013, 6.079552311502325
73539.86013, 6.082042502356856
73549.86013, 6.084532693211388
73559.86013, 6.087022884065919
73569.86013, 6.0895130749204505
73579.86013, 6.092003265774982
73589.86013, 6.094493456629513
73599.86013, 6.096983647484045
73609.86013, 6.099473838338576
73619.86013, 6.101964029193107
73629.86013, 6.104454220047638
73639.86013, 6.1069444109021696
73649.86013, 6.109434601756702
73659.86013, 6.111924792611233
73669.86013, 6.114414983465764
73679.86013, 6.116905174320295
73689.86013, 6.119395365174827
73699.86013, 6.121885556029358
73709.86013, 6.1243757468838895
73719.86013, 6.126865937738421
73729.86013, 6.129356128592953
73739.86013, 6.131846319447484
73749.86013, 6.134336510302015
73759.86013, 6.136826701156546
73769.86013, 6.139316892011077
73779.86013, 6.1418070828656095
73789.86013, 6.144297273720141
73799.86013, 6.146787464574672
73809.86013, 6.149277655429203
73819.86013, 6.151767846283735
73829.86013, 6.154258037138266
73839.86013, 6.156748227992797
73849.86013, 6.159238418847329
73859.86013, 6.161728609701861
73869.86013, 6.164218800556392
73879.86013, 6.166708991410923
73889.86013, 6.169199182265454
73899.86013, 6.171689373119985
73909.86013, 6.174179563974517
73919.86013, 6.176669754829049
73929.86013, 6.17915994568358
73939.86013, 6.181650136538111
73949.86013, 6.184140327392642
73959.86013, 6.186630518247174
73969.86013, 6.189120709101705
73979.86013, 6.1916108999562365
73989.86013, 6.194101090810768
73999.86013, 6.1965912816653
74009.86013, 6.199081472519831
74019.86013, 6.201571663374362
74029.86013, 6.204061854228893
74039.86013, 6.206552045083425
74049.86013, 6.2090422359379565
74059.86013, 6.211532426792488
74069.86013, 6.214022617647019
74079.86013, 6.21651280850155
74089.86013, 6.219002999356082
74099.86013, 6.221493190210613
74109.86013, 6.223983381065144
74119.86013, 6.2264735719196755
74129.86013, 6.228963762774208
74139.86013, 6.231453953628739
74149.86013, 6.23394414448327
74159.86013, 6.236434335337801
74169.86013, 6.238924526192333
74179.86013, 6.241414717046864
74189.86013, 6.2439049079013955
74199.86013, 6.246395098755927
74209.86013, 6.248885289610458
74219.86013, 6.25137548046499
74229.86013, 6.253865671319521
74239.86013, 6.256355862174052
74249.86013, 6.258846053028583
74259.86013, 6.116416178592425
74269.86013, 5.8488369414143815
74279.86013, 5.5812577042363385
74289.86013, 5.3136784670582955
74299.86013, 5.0460992298802525
74309.86013, 4.7785199927022095
74319.86013, 4.5109407555241665
74329.86013, 4.2433615183461235
74339.86013, 3.97578228116808
74349.86013, 1.7192351697970398
74359.86013, 1.737984765875077
74369.86013, 1.7567343619531146
74379.86013, 1.7754839580311519
74389.86013, 1.7942335541091892
74399.86013, 1.8129831501872264
74409.86013, 1.8317327462652637
74419.86013, 1.850482342343301
74429.86013, 1.8692319384213383
74439.86013, 1.8879815344993756
74449.86013, 1.9067311305774128
74459.86013, 1.9254807266554501
74469.86013, 1.9442303227334874
74479.86013, 1.962979918811525
74489.86013, 1.9817295148895622
74499.86013, 2.0004791109675994
74509.86013, 2.0192287070456367
74519.86013, 2.037978303123674
74529.86013, 2.0567278992017113
74539.86013, 2.0754774952797486
74549.86013, 2.094227091357786
74559.86013, 2.112976687435823
74569.86013, 2.1317262835138604
74579.86013, 2.1504758795918977
74589.86013, 2.169225475669935
74599.86013, 2.1879750717479722
74609.86013, 2.2067246678260095
74619.86013, 2.225474263904047
74629.86013, 2.244223859982084
74639.86013, 2.2629734560601213
74649.86013, 2.2817230521381586
74659.86013, 2.300472648216196
74669.86013, 2.3192222442942336
74679.86013, 2.337971840372271
74689.86013, 2.356721436450308
74699.86013, 2.3754710325283455
74709.86013, 2.3942206286063827
74719.86013, 2.41297022468442
74729.86013, 2.4317198207624573
74739.86013, 2.4504694168404946
74749.86013, 2.469219012918532
74759.86013, 2.487968608996569
74769.86013, 2.5067182050746064
74779.86013, 2.5254678011526437
74789.86013, 2.544217397230681
74799.86013, 2.5629669933087182
74809.86013, 2.5817165893867555
74819.86013, 2.600466185464793
74829.86013, 2.61921578154283
74839.86013, 2.6379653776208674
74849.86013, 2.6567149736989046
74859.86013, 2.6399640654722645
74869.86013, 2.536907161963099
74879.86013, 2.4338502584539334
74889.86013, 2.330793354944768
74899.86013, 2.227736451435603
74909.86013, 2.124679547926437
74919.86013, 2.021622644417272
74929.86013, 1.9185657409081063
74939.86013, 1.8155088373989408
74949.86013, 1.7124519338897755
74959.86013, 1.60939503038061
74969.86013, 1.5063381268714444
74979.86013, 1.4032812233622791
74989.86013, 1.3002243198531136
74999.86013, 1.197167416343948
75009.86013, 6.505417088857315
75019.86013, 6.495124957465166
75029.86013, 6.484832826073018
75039.86013, 6.4745406946808695
75049.86013, 6.464248563288721
75059.86013, 6.4539564318965725
75069.86013, 6.443664300504424
75079.86013, 6.433372169112276
75089.86013, 6.423080037720127
75099.86013, 6.412787906327979
75109.86013, 6.40249577493583
75119.86013, 6.392203643543682
75129.86013, 6.381911512151532
75139.86013, 6.371619380759384
75149.86013, 6.3613272493672355
75159.86013, 6.351035117975087
75169.86013, 6.340742986582939
75179.86013, 6.33045085519079
75189.86013, 6.320158723798642
75199.86013, 6.309866592406493
75209.86013, 6.299574461014345
75219.86013, 6.289282329622196
75229.86013, 6.278990198230048
75239.86013, 6.268698066837899
75249.86013, 6.258405935445751
75259.86013, 6.248113804053602
75269.86013, 6.237821672661453
75279.86013, 6.227529541269305
75289.86013, 6.217237409877156
75299.86013, 6.206945278485008
75309.86013, 6.196653147092859
75319.86013, 6.186361015700711
75329.86013, 6.176068884308562
75339.86013, 6.165776752916414
75349.86013, 6.155484621524265
75359.86013, 6.145192490132117
75369.86013, 6.134900358739968
75379.86013, 6.12460822734782
75389.86013, 6.1143160959556715
75399.86013, 6.104023964563522
75409.86013, 6.093731833171374
75419.86013, 6.083439701779225
75429.86013, 6.073147570387077
75439.86013, 6.062855438994928
75449.86013, 6.05256330760278
75459.86013, 6.042271176210631
75469.86013, 6.031979044818483
75479.86013, 6.021686913426334
75489.86013, 6.011394782034186
75499.86013, 6.0011026506420375
75509.86013, 5.990810519249889
75519.86013, 5.980518387857741
75529.86013, 5.970226256465592
75539.86013, 5.959934125073444
75549.86013, 5.949641993681294
75559.86013, 5.939349862289146
75569.86013, 5.929057730896997
75579.86013, 5.918765599504849
75589.86013, 5.9084734681127005
75599.86013, 5.898181336720552
75609.86013, 5.8878892053284035
75619.86013, 5.877597073936255
75629.86013, 5.867304942544107
75639.86013, 5.857012811151958
75649.86013, 5.84672067975981
75659.86013, 5.836428548367661
75669.86013, 5.826136416975512
75679.86013, 5.815844285583363
75689.86013, 5.805552154191215
75699.86013, 5.7952600227990665
75709.86013, 5.784967891406918
75719.86013, 5.77467576001477
75729.86013, 5.764383628622621
75739.86013, 5.754091497230473
75749.86013, 5.743799365838324
75759.86013, 5.733507234446176
75769.86013, 5.723215103054027
75779.86013, 5.712922971661879
75789.86013, 5.70263084026973
75799.86013, 5.692338708877582
75809.86013, 5.682046577485433
75819.86013, 5.671754446093285
75829.86013, 5.661462314701136
75839.86013, 5.651170183308987
75849.86013, 5.640878051916839
75859.86013, 5.63058592052469
75869.86013, 5.620293789132542
75879.86013, 5.610001657740393
75889.86013, 5.599709526348245
75899.86013, 5.589417394956096
75909.86013, 5.579125263563948
75919.86013, 5.568833132171799
75929.86013, 5.558541000779651
75939.86013, 5.5482488693875025
75949.86013, 5.537956737995353
75959.86013, 5.527664606603205
75969.86013, 5.517372475211056
75979.86013, 5.507080343818908
75989.86013, 5.496788212426759
75999.86013, 5.486496081034611
76009.86013, 5.476203949642462
76019.86013, 5.465911818250314
76029.86013, 5.4556196868581655
76039.86013, 5.445327555466017
76049.86013, 5.4350354240738685
76059.86013, 5.42474329268172
76069.86013, 5.414451161289572
76079.86013, 5.404159029897423
76089.86013, 5.393866898505275
76099.86013, 5.383574767113126
76109.86013, 5.373282635720977
76119.86013, 5.362990504328828
76129.86013, 5.35269837293668
76139.86013, 5.3424062415445315
76149.86013, 5.332114110152383
76159.86013, 5.3218219787602346
76169.86013, 5.311529847368086
76179.86013, 5.301237715975938
76189.86013, 5.290945584583789
76199.86013, 5.280653453191641
76209.86013, 5.270361321799491
76219.86013, 5.260069190407343
76229.86013, 5.249777059015194
76239.86013, 5.239484927623046
76249.86013, 5.2291927962308975
76259.86013, 5.218900664838749
76269.86013, 5.208608533446601
76279.86013, 5.198316402054452
76289.86013, 5.188024270662304
76299.86013, 5.177732139270155
76309.86013, 5.167440007878007
76319.86013, 5.157147876485858
76329.86013, 5.14685574509371
76339.86013, 5.136563613701561
76349.86013, 5.126271482309413
76359.86013, 5.115979350917264
76369.86013, 5.105687219525116
76379.86013, 5.0953950881329675
76389.86013, 5.085102956740818
76399.86013, 5.07481082534867
76409.86013, 5.064518693956521
76419.86013, 5.054226562564373
76429.86013, 5.043934431172224
76439.86013, 5.033642299780076
76449.86013, 5.023350168387927
76459.86013, 5.013058036995779
76469.86013, 5.00276590560363
76479.86013, 4.992473774211482
76489.86013, 4.982181642819333
76499.86013, 4.971889511427184
76509.86013, 4.961597380035036
76519.86013, 4.951305248642887
76529.86013, 4.941013117250739
76539.86013, 4.93072098585859
76549.86013, 4.920428854466442
76559.86013, 4.910136723074293
76569.86013, 4.899844591682145
76579.86013, 4.8895524602899965
76589.86013, 4.879260328897848
76599.86013, 4.8689681975056995
76609.86013, 4.858676066113551
76619.86013, 4.848383934721403
76629.86013, 4.838091803329254
76639.86013, 4.827799671937106
76649.86013, 4.817507540544957
76659.86013, 4.807215409152808
76669.86013, 4.796923277760659
76679.86013, 4.786631146368511
76689.86013, 4.7763390149763625
76699.86013, 4.766046883584214
76709.86013, 4.755754752192066
76719.86013, 4.745462620799917
76729.86013, 4.735170489407769
76739.86013, 4.72487835801562
76749.86013, 4.714586226623472
76759.86013, 4.704294095231322
76769.86013, 4.694001963839174
76779.86013, 4.683709832447025
76789.86013, 4.673417701054877
76799.86013, 4.6631255696627285
76809.86013, 4.65283343827058
76819.86013, 4.642541306878432
76829.86013, 4.632249175486283
76839.86013, 4.621957044094135
76849.86013, 4.611664912701986
76859.86013, 4.601372781309838
76869.86013, 4.591080649917689
76879.86013, 4.580788518525541
76889.86013, 4.570496387133392
76899.86013, 4.560204255741244
76909.86013, 4.549912124349095
76919.86013, 4.539619992956947
76929.86013, 4.529327861564798
76939.86013, 4.519035730172649
76949.86013, 4.508743598780501
76959.86013, 4.498451467388352
76969.86013, 4.488159335996204
76979.86013, 4.477867204604055
76989.86013, 4.467575073211907
76999.86013, 4.457282941819758
77009.86013, 4.44699081042761
77019.86013, 4.436698679035461
77029.86013, 4.426406547643312
77039.86013, 4.416114416251164
77049.86013, 4.405822284859015
77059.86013, 4.395530153466867
77069.86013, 4.385238022074718
77079.86013, 4.37494589068257
77089.86013, 4.364653759290421
77099.86013, 4.354361627898273
77109.86013, 4.344069496506124
77119.86013, 4.333777365113976
77129.86013, 4.3234852337218275
77139.86013, 4.313193102329679
77149.86013, 4.3029009709375305
77159.86013, 4.292608839545382
77169.86013, 4.282316708153234
77179.86013, 4.272024576761085
77189.86013, 4.261732445368937
77199.86013, 4.251440313976788
77209.86013, 4.24114818258464
77219.86013, 4.230856051192491
77229.86013, 4.220563919800342
77239.86013, 4.2102717884081935
77249.86013, 4.199979657016045
77259.86013, 4.189687525623897
77269.86013, 4.179395394231748
77279.86013, 4.1691032628396
77289.86013, 4.158811131447451
77299.86013, 4.148519000055302
77309.86013, 4.138226868663153
77319.86013, 4.127934737271005
77329.86013, 4.117642605878856
77339.86013, 4.107350474486708
77349.86013, 4.0970583430945595
77359.86013, 4.086766211702411
77369.86013, 4.076474080310263
77379.86013, 4.066181948918114
77389.86013, 4.055889817525966
77399.86013, 4.045597686133817
77409.86013, 4.035305554741669
77419.86013, 4.02501342334952
77429.86013, 4.014721291957372
77439.86013, 4.004429160565223
77449.86013, 3.9941370291730744
77459.86013, 3.983844897780926
77469.86013, 3.9735527663887775
77479.86013, 3.963260634996629
77489.86013, 3.9529685036044806
77499.86013, 3.9426763722123317
77509.86013, 3.9323842408201832
77519.86013, 3.9220921094280348
77529.86013, 3.9117999780358863
77539.86013, 3.901507846643738
77549.86013, 3.8912157152515894
77559.86013, 3.880923583859441
77569.86013, 3.870631452467292
77579.86013, 3.8603393210751435
77589.86013, 3.850047189682995
77599.86013, 3.8397550582908466
77609.86013, 3.829462926898698
77619.86013, 3.8191707955065497
77629.86013, 3.8088786641144012
77639.86013, 3.7985865327222523
77649.86013, 3.788294401330104
77659.86013, 3.7780022699379554
77669.86013, 3.767710138545807
77679.86013, 3.7574180071536585
77689.86013, 3.74712587576151
77699.86013, 3.7368337443693616
77709.86013, 3.7265416129772126
77719.86013, 3.716249481585064
77729.86013, 3.7059573501929157
77739.86013, 3.6956652188007673
77749.86013, 3.685373087408619
77759.86013, 3.6750809560164703
77769.86013, 3.664788824624322
77779.86013, 3.654496693232173
77789.86013, 3.6442045618400245
77799.86013, 3.633912430447876
77809.86013, 3.6236202990557276
77819.86013, 3.613328167663579
77829.86013, 3.6030360362714307
77839.86013, 3.592743904879282
77849.86013, 3.5824517734871333
77859.86013, 3.572159642094985
77869.86013, 3.5618675107028364
77879.86013, 3.551575379310688
77889.86013, 3.5412832479185394
77899.86013, 3.530991116526391
77909.86013, 3.520698985134242
77919.86013, 3.5104068537420936
77929.86013, 3.500114722349945
77939.86013, 3.4898225909577967
77949.86013, 3.479530459565648
77959.86013, 3.4692383281734998
77969.86013, 3.4589461967813513
77979.86013, 3.4486540653892024
77989.86013, 3.438361933997054
77999.86013, 3.4280698026049055
78009.86013, 3.417777671212757
78019.86013, 3.4074855398206085
78029.86013, 3.39719340842846
78039.86013, 3.3869012770363116
78049.86013, 3.3766091456441627
78059.86013, 3.3663170142520142
78069.86013, 3.3560248828598658
78079.86013, 3.3457327514677173
78089.86013, 3.335440620075569
78099.86013, 3.3251484886834204
78109.86013, 3.314856357291272
78119.86013, 3.304564225899123
78129.86013, 3.2942720945069746
78139.86013, 3.283979963114826
78149.86013, 3.2736878317226776
78159.86013, 3.263395700330529
78169.86013, 3.2531035689383807
78179.86013, 3.2428114375462322
78189.86013, 3.2325193061540833
78199.86013, 3.222227174761935
78209.86013, 3.2119350433697864
78219.86013, 3.201642911977638
78229.86013, 3.1913507805854895
78239.86013, 3.181058649193341
78249.86013, 3.1707665178011926
78259.86013, 3.1604743864090437
78269.86013, 3.150182255016895
78279.86013, 3.1398901236247467
78289.86013, 3.1295979922325983
78299.86013, 3.11930586084045
78309.86013, 3.1090137294483013
78319.86013, 3.098721598056153
78329.86013, 3.088429466664004
78339.86013, 3.0781373352718555
78349.86013, 3.067845203879707
78359.86013, 3.0575530724875586
78369.86013, 3.04726094109541
78379.86013, 3.0369688097032617
78389.86013, 3.026676678311113
78399.86013, 3.0163845469189643
78409.86013, 3.006092415526816
78419.86013, 2.9958002841346674
78429.86013, 2.985508152742519
78439.86013, 2.9752160213503704
78449.86013, 2.964923889958222
78459.86013, 2.954631758566073
78469.86013, 2.9443396271739246
78479.86013, 2.934047495781776
78489.86013, 2.9237553643896277
78499.86013, 2.9134632329974792
78509.86013, 2.9031711016053308
78519.86013, 2.8928789702131823
78529.86013, 2.8825868388210334
78539.86013, 2.872294707428885
78549.86013, 2.8620025760367365
78559.86013, 2.851710444644588
78569.86013, 2.8414183132524395
78579.86013, 2.831126181860291
78589.86013, 2.8208340504681426
78599.86013, 2.8105419190759937
78609.86013, 2.8002497876838452
78619.86013, 2.789957656291697
78629.86013, 2.7796655248995483
78639.86013, 2.7693733935074
78649.86013, 2.7590812621152514
78659.86013, 2.748789130723103
78669.86013, 2.738496999330954
78679.86013, 2.7282048679388056
78689.86013, 2.717912736546657
78699.86013, 2.7076206051545086
78709.86013, 2.69732847376236
78719.86013, 2.6870363423702117
78729.86013, 2.6767442109780633
78739.86013, 2.6664520795859143
78749.86013, 2.656159948193766
78759.86013, 2.6458678168016174
78769.86013, 2.635575685409469
78779.86013, 2.6252835540173205
78789.86013, 2.614991422625172
78799.86013, 2.6046992912330236
78809.86013, 2.5944071598408747
78819.86013, 2.584115028448726
78829.86013, 2.5738228970565777
78839.86013, 2.5635307656644293
78849.86013, 2.553238634272281
78859.86013, 2.5429465028801324
78869.86013, 2.532654371487984
78879.86013, 2.522362240095835
78889.86013, 2.5120701087036865
78899.86013, 2.501777977311538
78909.86013, 2.4914858459193896
78919.86013, 2.481193714527241
78929.86013, 2.4709015831350927
78939.86013, 2.460609451742944
78949.86013, 2.4503173203507957
78959.86013, 2.4400251889586473
78969.86013, 2.429733057566499
78979.86013, 2.4194409261743495
78989.86013, 2.409148794782201
78999.86013, 2.3988566633900525
79009.86013, 2.388564531997904
79019.86013, 2.3782724006057556
79029.86013, 2.367980269213607
79039.86013, 2.3576881378214587
79049.86013, 2.3473960064293102
79059.86013, 2.3371038750371618
79069.86013, 2.3268117436450133
79079.86013, 2.316519612252865
79089.86013, 2.3062274808607164
79099.86013, 2.295935349468568
79109.86013, 2.2856432180764195
79119.86013, 2.27535108668427
79129.86013, 2.2650589552921216
79139.86013, 2.254766823899973
79149.86013, 2.2444746925078247
79159.86013, 2.2341825611156763
79169.86013, 2.223890429723528
79179.86013, 2.2135982983313793
79189.86013, 2.203306166939231
79199.86013, 2.1930140355470824
79209.86013, 2.182721904154934
79219.86013, 2.1724297727627855
79229.86013, 2.162137641370637
79239.86013, 2.1518455099784886
79249.86013, 2.141553378586339
79259.86013, 2.1312612471941907
79269.86013, 2.1209691158020423
79279.86013, 2.110676984409894
79289.86013, 2.1003848530177454
79299.86013, 2.090092721625597
79309.86013, 2.0798005902334484
79319.86013, 2.0695084588413
79329.86013, 2.0592163274491515
79339.86013, 2.048924196057003
79349.86013, 2.0386320646648546
79359.86013, 2.028339933272706
79369.86013, 2.0180478018805577
79379.86013, 2.007755670488409
79389.86013, 1.9974635390962598
79399.86013, 1.9871714077041114
79409.86013, 1.976879276311963
79419.86013, 1.9665871449198145
79429.86013, 1.956295013527666
79439.86013, 1.9460028821355175
79449.86013, 1.935710750743369
79459.86013, 1.9254186193512206
79469.86013, 1.9151264879590721
79479.86013, 1.9048343565669237
79489.86013, 1.8945422251747752
79499.86013, 1.8842500937826268
79509.86013, 1.8739579623904783
79519.86013, 1.8636658309983298
79529.86013, 1.8533736996061805
79539.86013, 1.843081568214032
79549.86013, 1.8327894368218836
79559.86013, 1.822497305429735
79569.86013, 1.8122051740375866
79579.86013, 1.8019130426454382
79589.86013, 1.7916209112532897
79599.86013, 1.7813287798611412
79609.86013, 1.7710366484689928
79619.86013, 1.7607445170768443
79629.86013, 1.7504523856846959
79639.86013, 1.7401602542925474
79649.86013, 1.729868122900399
79659.86013, 1.7195759915082505
79669.86013, 1.7092838601161011
79679.86013, 1.6989917287239527
79689.86013, 1.6886995973318042
79699.86013, 1.6784074659396557
79709.86013, 1.6681153345475073
79719.86013, 1.6578232031553588
79729.86013, 1.6475310717632103
79739.86013, 1.6372389403710619
79749.86013, 1.6269468089789134
79759.86013, 1.616654677586765
79769.86013, 1.6063625461946165
79779.86013, 1.596070414802468
79789.86013, 1.5857782834103196
79799.86013, 1.5754861520181702
79809.86013, 1.5651940206260218
79819.86013, 1.5549018892338733
79829.86013, 1.5446097578417248
79839.86013, 1.5343176264495764
79849.86013, 1.524025495057428
79859.86013, 1.5137333636652794
79869.86013, 1.503441232273131
79879.86013, 1.4931491008809825
79889.86013, 1.482856969488834
79899.86013, 1.4725648380966856
79909.86013, 1.4622727067045371
79919.86013, 1.4519805753123887
79929.86013, 1.4416884439202402
79939.86013, 1.4313963125280909
79949.86013, 1.4211041811359424
79959.86013, 1.410812049743794
79969.86013, 1.4005199183516455
79979.86013, 1.390227786959497
79989.86013, 1.3799356555673485
79999.86013, 1.3696435241752
80009.86013, 1.3593513927830516
80019.86013, 1.3490592613909032
80029.86013, 1.3387671299987547
80039.86013, 1.3284749986066062
80049.86013, 1.3181828672144578
80059.86013, 1.3078907358223093
80069.86013, 1.2975986044301608
80079.86013, 1.2873064730380115
80089.86013, 1.277014341645863
80099.86013, 1.2667222102537146
80109.86013, 1.256430078861566
80119.86013, 1.2461379474694176
80129.86013, 1.2358458160772692
80139.86013, 1.2255536846851207
80149.86013, 1.2152615532929723
80159.86013, 1.2049694219008238
80169.86013, 1.1946772905086753
80179.86013, 1.1843851591165269
80189.86013, 1.1740930277243784
80199.86013, 1.16380089633223
80209.86013, 1.1535087649400815
80219.86013, 1.1432166335479321
80229.86013, 1.1329245021557837
80239.86013, 1.1226323707636352
80249.86013, 1.1123402393714867
80259.86013, 1.1020481079793383
80269.86013, 1.0917559765871898
80279.86013, 1.0814638451950414
80289.86013, 1.0711717138028929
80299.86013, 1.0608795824107444
80309.86013, 1.050587451018596
80319.86013, 1.0402953196264475
80329.86013, 1.030003188234299
80339.86013, 1.0197110568421506
80349.86013, 1.0094189254500012
80359.86013, 0.9991267940578528
80369.86013, 0.9888346626657043
80379.86013, 0.9830665535908032
80389.86013, 1.004721476200778
80399.86013, 1.0263763988107528
80409.86013, 1.0480313214207275
80419.86013, 1.0696862440307022
80429.86013, 1.091341166640677
80439.86013, 1.1129960892506516
80449.86013, 1.1346510118606263
80459.86013, 1.156305934470601
80469.86013, 1.177960857080576
80479.86013, 1.1996157796905507
80489.86013, 1.2212707023005254
80499.86013, 1.2429256249105
80509.86013, 1.2645805475204748
80519.86013, 1.2862354701304497
80529.86013, 1.3078903927404244
80539.86013, 1.329545315350399
80549.86013, 1.3512002379603738
80559.86013, 1.3728551605703485
80569.86013, 1.3945100831803232
80579.86013, 1.416165005790298
80589.86013, 1.4378199284002728
80599.86013, 1.4594748510102475
80609.86013, 1.4811297736202222
80619.86013, 1.502784696230197
80629.86013, 1.5244396188401717
80639.86013, 1.5460945414501466
80649.86013, 1.567749464060121
80659.86013, 1.589404386670096
80669.86013, 1.6110593092800707
80679.86013, 1.6327142318900454
80689.86013, 1.65436915450002
80699.86013, 1.6760240771099948
80709.86013, 1.6976789997199697
80719.86013, 1.7193339223299442
80729.86013, 1.7409888449399191
80739.86013, 1.7626437675498938
80749.86013, 1.7842986901598685
80759.86013, 1.8059536127698435
80769.86013, 1.827608535379818
80779.86013, 1.8492634579897929
80789.86013, 1.8709183805997676
80799.86013, 1.8925733032097423
80809.86013, 1.914228225819717
80819.86013, 1.9358831484296917
80829.86013, 1.9575380710396666
80839.86013, 1.979192993649641
80849.86013, 2.000847916259616
80859.86013, 2.022502838869591
80869.86013, 2.0441577614795654
80879.86013, 2.06581268408954
80889.86013, 2.087467606699515
80899.86013, 2.1091225293094897
80909.86013, 2.1307774519194647
80919.86013, 2.152432374529439
80929.86013, 2.1740872971394136
80939.86013, 2.1957422197493885
80949.86013, 2.2173971423593635
80959.86013, 2.2390520649693384
80969.86013, 2.260706987579313
80979.86013, 2.2823619101892874
80989.86013, 2.3040168327992623
80999.86013, 2.325671755409237
81009.86013, 2.3473266780192117
81019.86013, 2.368981600629186
81029.86013, 2.390636523239161
81039.86013, 2.412291445849136
81049.86013, 2.433946368459111
81059.86013, 2.4556012910690854
81069.86013, 2.47725621367906
81079.86013, 2.498911136289035
81089.86013, 2.5205660588990098
81099.86013, 2.5422209815089847
81109.86013, 2.563875904118959
81119.86013, 2.5855308267289336
81129.86013, 2.6071857493389086
81139.86013, 2.6288406719488835
81149.86013, 2.650458571804187
81159.86013, 2.6704957912475678
81169.86013, 2.690533010690949
81179.86013, 2.71057023013433
81189.86013, 2.730607449577711
81199.86013, 2.750644669021092
81209.86013, 2.7706818884644733
81219.86013, 2.7907191079078544
81229.86013, 2.8107563273512355
81239.86013, 2.830793546794616
81249.86013, 2.8508307662379972
81259.86013, 2.8708679856813784
81269.86013, 2.8909052051247595
81279.86013, 2.9109424245681406
81289.86013, 2.9309796440115217
81299.86013, 2.9510168634549023
81309.86013, 2.9710540828982834
81319.86013, 2.9910913023416645
81329.86013, 3.0111285217850456
81339.86013, 3.0311657412284267
81349.86013, 3.051202960671808
81359.86013, 3.071240180115189
81369.86013, 3.09127739955857
81379.86013, 3.1113146190019507
81389.86013, 3.131351838445332
81399.86013, 3.151389057888713
81409.86013, 3.171426277332094
81419.86013, 3.191463496775475
81429.86013, 3.2115007162188562
81439.86013, 3.231537935662237
81449.86013, 3.251575155105618
81459.86013, 3.271612374548999
81469.86013, 3.29164959399238
81479.86013, 3.3116868134357613
81489.86013, 3.3317240328791424
81499.86013, 3.3517612523225235
81509.86013, 3.3717984717659046
81519.86013, 3.3918356912092857
81529.86013, 3.4118729106526664
81539.86013, 3.4319101300960475
81549.86013, 3.4519473495394286
81559.86013, 3.4719845689828097
81569.86013, 3.492021788426191
81579.86013, 3.5120590078695715
81589.86013, 3.5320962273129526
81599.86013, 3.5521334467563337
81609.86013, 3.572170666199715
81619.86013, 3.592207885643096
81629.86013, 3.612245105086477
81639.86013, 3.632282324529858
81649.86013, 3.652319543973239
81659.86013, 3.6723567634166203
81669.86013, 3.6923939828600014
81679.86013, 3.712431202303382
81689.86013, 3.732468421746763
81699.86013, 3.7525056411901443
81709.86013, 3.7725428606335254
81719.86013, 3.792580080076906
81729.86013, 3.812617299520287
81739.86013, 3.8326545189636683
81749.86013, 3.8526917384070494
81759.86013, 3.8727289578504305
81769.86013, 3.8927661772938116
81779.86013, 3.9128033967371927
81789.86013, 3.932840616180574
81799.86013, 3.952877835623955
81809.86013, 3.972915055067336
81819.86013, 3.9929522745107167
81829.86013, 4.012989493954098
81839.86013, 4.033026713397479
81849.86013, 4.05306393284086
81859.86013, 4.073101152284241
81869.86013, 4.093138371727622
81879.86013, 4.113175591171003
81889.86013, 4.133212810614384
81899.86013, 4.153250030057765
81909.86013, 4.173287249501146
81919.86013, 4.193324468944527
81929.86013, 4.213361688387908
81939.86013, 4.2333989078312895
81949.86013, 4.253436127274671
81959.86013, 4.273473346718052
81969.86013, 4.293510566161432
81979.86013, 4.313547785604813
81989.86013, 4.333585005048194
81999.86013, 4.353622224491575
82009.86013, 4.373659443934956
82019.86013, 4.393696663378337
82029.86013, 4.4137338828217185
82039.86013, 4.4337711022651
82049.86013, 4.453808321708481
82059.86013, 4.473845541151862
82069.86013, 4.493882760595243
82079.86013, 4.513919980038624
82089.86013, 4.533957199482005
82099.86013, 4.553994418925386
82109.86013, 4.574031638368767
82119.86013, 4.5940688578121485
82129.86013, 4.61410607725553
82139.86013, 4.63414329669891
82149.86013, 4.654180516142292
82159.86013, 4.674217735585672
82169.86013, 4.694254955029053
82179.86013, 4.714292174472434
82189.86013, 4.734329393915815
82199.86013, 4.754366613359196
82209.86013, 4.7744038328025775
82219.86013, 4.794441052245959
82229.86013, 4.814478271689339
82239.86013, 4.83451549113272
82249.86013, 4.854552710576101
82259.86013, 4.874589930019482
82269.86013, 4.894627149462863
82279.86013, 4.914664368906244
82289.86013, 4.9347015883496255
82299.86013, 4.954738807793007
82309.86013, 4.974776027236388
82319.86013, 4.994813246679769
82329.86013, 5.01485046612315
82339.86013, 5.034887685566531
82349.86013, 5.054924905009912
82359.86013, 5.074962124453293
82369.86013, 5.094999343896674
82379.86013, 5.115036563340055
82389.86013, 5.1350737827834365
82399.86013, 5.155111002226818
82409.86013, 5.175148221670199
82419.86013, 5.19518544111358
82429.86013, 5.215222660556961
82439.86013, 5.235259880000342
82449.86013, -inf
82459.86013, -inf
