x, y
64769.86013, 0.001685
64779.86013, 0.0034170651980292865
64789.86013, 0.005196195594087859
64799.86013, 0.0070223911881757166
64809.86013, 0.008895651980292862
64819.86013, 0.010815977970439292
64829.86013, 0.01278336915861501
64839.86013, 0.014797825544820013
64849.86013, 0.016859347129054302
64859.86013, 0.018967933911317875
64869.86013, 0.021123585891610737
64879.86013, 0.023326303069932882
64889.86013, 0.025576085446284317
64899.86013, 0.027872933020665038
64909.86013, 0.030216845793075042
64919.86013, 0.032607823763514336
64929.86013, 0.035045866931982916
64939.86013, 0.037530975298480776
64949.86013, 0.04006314886300793
64959.86013, 0.04264238762556437
64969.86013, 0.045268691586150094
64979.86013, 0.04794206074476509
64989.86013, 0.05066249510140939
64999.86013, 0.05337824692299035
65009.86013, 0.05606612392172852
65019.86013, 0.05872612609762392
65029.86013, 0.06135825345067654
65039.86013, 0.06396250598088637
65049.86013, 0.06653888368825345
65059.86013, 0.06908738657277774
65069.86013, 0.07160801463445925
65079.86013, 0.07410076787329792
65089.86013, 0.07656564628929387
65099.86013, 0.07900264988244703
65109.86013, 0.0814117786527574
65119.86013, 0.083793032600225
65129.86013, 0.08614641172484984
65139.86013, 0.08847191602663186
65149.86013, 0.09076954550557113
65159.86013, 0.0930393001616676
65169.86013, 0.09528117999492129
65179.86013, 0.09749518500533218
65189.86013, 0.09968131519290031
65199.86013, 0.10183957055762567
65209.86013, 0.10396995109950823
65219.86013, 0.10607245681854803
65229.86013, 0.10814708771474503
65239.86013, 0.1101938437880993
65249.86013, 0.11221272503861075
65259.86013, 0.11420373146627942
65269.86013, 0.11616686307110533
65279.86013, 0.11810211985308844
65289.86013, 0.12000950181222879
65299.86013, 0.12188900894852635
65309.86013, 0.1237406412619811
65319.86013, 0.1255643987525931
65329.86013, 0.1273602814203623
65339.86013, 0.12912828926528871
65349.86013, 0.13086842228737233
65359.86013, 0.13258068048661323
65369.86013, 0.1342650638630113
65379.86013, 0.1359215724165666
65389.86013, 0.13755020614727914
65399.86013, 0.13915096505514896
65409.86013, 0.1407238491401759
65419.86013, 0.14226885840236012
65429.86013, 0.14378599284170152
65439.86013, 0.14527525245820014
65449.86013, 0.14673663725185598
65459.86013, 0.14817014722266908
65469.86013, 0.14957578237063937
65479.86013, 0.15095354269576688
65489.86013, 0.1523034281980516
65499.86013, 0.15362543887749355
65509.86013, 0.15491957473409274
65519.86013, 0.15618583576784914
65529.86013, 0.15742422197876277
65539.86013, 0.15863473336683356
65549.86013, 0.1598173699320616
65559.86013, 0.1609721316744469
65569.86013, 0.1620990185939894
65579.86013, 0.1631980306906891
65589.86013, 0.16426916796454605
65599.86013, 0.1653124304155602
65609.86013, 0.16632781804373156
65619.86013, 0.16731533084906017
65629.86013, 0.16827496883154597
65639.86013, 0.169206731991189
65649.86013, 0.17011062032798924
65659.86013, 0.1709866338419467
65669.86013, 0.1718347725330614
65679.86013, 0.17265503640133334
65689.86013, 0.17344742544676245
65699.86013, 0.1742119396693488
65709.86013, 0.1749485790690924
65719.86013, 0.17565734364599317
65729.86013, 0.17633823340005117
65739.86013, 0.17699124833126642
65749.86013, 0.17761638843963887
65759.86013, 0.17821365372516854
65769.86013, 0.1787830441878554
65779.86013, 0.17932455982769954
65789.86013, 0.17983820064470085
65799.86013, 0.1803239666388594
65809.86013, 0.18078185781017517
65819.86013, 0.18121187415864817
65829.86013, 0.18161401568427837
65839.86013, 0.18198828238706583
65849.86013, 0.18233467426701044
65859.86013, 0.18265319132411234
65869.86013, 0.18294383355837143
65879.86013, 0.18320660096978775
65889.86013, 0.18344149355836126
65899.86013, 0.1836569225376712
65909.86013, 0.1838738495589911
65919.86013, 0.18409227462232097
65929.86013, 0.18431219772766078
65939.86013, 0.1845336188750105
65949.86013, 0.18475653806437015
65959.86013, 0.18498095529573974
65969.86013, 0.18520687056911928
65979.86013, 0.18543428388450875
65989.86013, 0.18566319524190816
65999.86013, 0.18589360464131752
66009.86013, 0.1861255120827368
66019.86013, 0.18635891756616604
66029.86013, 0.1865938210916052
66039.86013, 0.1868302226590543
66049.86013, 0.18706812226851333
66059.86013, 0.18730751991998232
66069.86013, 0.18754841561346125
66079.86013, 0.1877908093489501
66089.86013, 0.18803470112644888
66099.86013, 0.18828009094595763
66109.86013, 0.1885269788074763
66119.86013, 0.18877536471100492
66129.86013, 0.18902524865654347
66139.86013, 0.18927663064409198
66149.86013, 0.18952951067365037
66159.86013, 0.18978388874521876
66169.86013, 0.19003976485879706
66179.86013, 0.1902971390143853
66189.86013, 0.19055601121198348
66199.86013, 0.19081638145159163
66209.86013, 0.19107824973320967
66219.86013, 0.19134161605683767
66229.86013, 0.19160648042247558
66239.86013, 0.19187284283012346
66249.86013, 0.19214070327978128
66259.86013, 0.19241006177144904
66269.86013, 0.19268091830512674
66279.86013, 0.19295327288081435
66289.86013, 0.1932271254985119
66299.86013, 0.19350247615821942
66309.86013, 0.19377932485993687
66319.86013, 0.19405767160366427
66329.86013, 0.19433751638940158
66339.86013, 0.19461885921714886
66349.86013, 0.19490170008690605
66359.86013, 0.19518603899867318
66369.86013, 0.19547187595245025
66379.86013, 0.19575921094823726
66389.86013, 0.1960480439860342
66399.86013, 0.19633837506584112
66409.86013, 0.19663020418765795
66419.86013, 0.19692353135148472
66429.86013, 0.1972183565573214
66439.86013, 0.19751467980516807
66449.86013, 0.19781250109502463
66459.86013, 0.19811182042689116
66469.86013, 0.19841263780076762
66479.86013, 0.198714953216654
66489.86013, 0.19901876667455035
66499.86013, 0.19932407817445666
66509.86013, 0.19963088771637286
66519.86013, 0.19993919530029902
66529.86013, 0.2002490009262351
66539.86013, 0.20056030459418114
66549.86013, 0.2008731063041371
66559.86013, 0.20118740605610302
66569.86013, 0.20150320385007886
66579.86013, 0.20182049968606464
66589.86013, 0.20213929356406035
66599.86013, 0.202459585484066
66609.86013, 0.2027813754460816
66619.86013, 0.20310466345010716
66629.86013, 0.2034294494961426
66639.86013, 0.20375573358418803
66649.86013, 0.20408351571424338
66659.86013, 0.2044127958863087
66669.86013, 0.20474357410038393
66679.86013, 0.20507585035646908
66689.86013, 0.2054096246545642
66699.86013, 0.20574489699466925
66709.86013, 0.2060816673767842
66719.86013, 0.20641993580090912
66729.86013, 0.206759702267044
66739.86013, 0.20710096677518883
66749.86013, 0.20744372932534355
66759.86013, 0.20778798991750824
66769.86013, 0.20813374855168285
66779.86013, 0.20848100522786742
66789.86013, 0.20882975994606187
66799.86013, 0.2091800127062663
66809.86013, 0.20953176350848068
66819.86013, 0.209885012352705
66829.86013, 0.21023975923893926
66839.86013, 0.21059600416718344
66849.86013, 0.21095374713743753
66859.86013, 0.2113129881497016
66869.86013, 0.2116737272039756
66879.86013, 0.21203596430025956
66889.86013, 0.2123996994385534
66899.86013, 0.21276493261885723
66909.86013, 0.213131663841171
66919.86013, 0.21349989310549472
66929.86013, 0.21386962041182833
66939.86013, 0.21424084576017188
66949.86013, 0.21461356915052537
66959.86013, 0.21498779058288886
66969.86013, 0.21536351005726223
66979.86013, 0.21574072757364557
66989.86013, 0.21611944313203882
66999.86013, 0.21649965673244204
67009.86013, 0.21688136837485517
67019.86013, 0.21726457805927823
67029.86013, 0.21764928578571124
67039.86013, 0.21803549155415422
67049.86013, 0.2184231953646071
67059.86013, 0.21881239721706994
67069.86013, 0.21920309711154273
67079.86013, 0.21959529504802544
67089.86013, 0.2199889910265181
67099.86013, 0.22038418504702065
67109.86013, 0.2207808771095332
67119.86013, 0.22117906721405567
67129.86013, 0.22157875536058805
67139.86013, 0.2219799415491304
67149.86013, 0.22238262577968268
67159.86013, 0.22278680805224488
67169.86013, 0.22319248836681704
67179.86013, 0.22359966672339915
67189.86013, 0.22400834312199117
67199.86013, 0.22441851756259312
67209.86013, 0.22483019004520505
67219.86013, 0.22524336056982688
67229.86013, 0.22565802913645866
67239.86013, 0.2260741957451004
67249.86013, 0.22649186039575206
67259.86013, 0.22691102308841368
67269.86013, 0.22733168382308522
67279.86013, 0.22775384259976672
67289.86013, 0.2281774994184581
67299.86013, 0.22860265427915946
67309.86013, 0.22902930718187076
67319.86013, 0.22945745812659202
67329.86013, 0.22988710711332316
67339.86013, 0.23031825414206428
67349.86013, 0.23075089921281533
67359.86013, 0.23118504232557632
67369.86013, 0.23162068348034726
67379.86013, 0.23205782267712813
67389.86013, 0.2324964599159189
67399.86013, 0.23293659519671966
67409.86013, 0.23337822851953033
67419.86013, 0.23382135988435096
67429.86013, 0.2342659892911815
67439.86013, 0.23471211674002201
67449.86013, 0.23515974223087244
67459.86013, 0.23560886576373283
67469.86013, 0.2360594873386031
67479.86013, 0.23651160695548337
67489.86013, 0.23696522461437355
67499.86013, 0.23742034031527368
67509.86013, 0.23787695405818376
67519.86013, 0.23833506584310377
67529.86013, 0.2387946756700337
67539.86013, 0.2392557835389736
67549.86013, 0.2397183894499234
67559.86013, 0.24018249340288317
67569.86013, 0.24064809539785284
67579.86013, 0.24111519543483248
67589.86013, 0.24158379351382206
67599.86013, 0.24205388963482158
67609.86013, 0.242525483797831
67619.86013, 0.2429985760028504
67629.86013, 0.24347316624987975
67639.86013, 0.24394925453891902
67649.86013, 0.2444268408699682
67659.86013, 0.24490592524302734
67669.86013, 0.24538650765809644
67679.86013, 0.24586858811517545
67689.86013, 0.2463521666142644
67699.86013, 0.2468372431553633
67709.86013, 0.24732381773847212
67719.86013, 0.24781189036359091
67729.86013, 0.24830146103071962
67739.86013, 0.24879252973985827
67749.86013, 0.24928509649100686
67759.86013, 0.2497791612841654
67769.86013, 0.2502747241193339
67779.86013, 0.2507717849965123
67789.86013, 0.25127034391570063
67799.86013, 0.2517704008768989
67809.86013, 0.2522719558801071
67819.86013, 0.25277500892532523
67829.86013, 0.25327956001255336
67839.86013, 0.2537856091417914
67849.86013, 0.2542931563130394
67859.86013, 0.2548022015262973
67869.86013, 0.2553127447815651
67879.86013, 0.2558247860788429
67889.86013, 0.2563383254181306
67899.86013, 0.25685336279942833
67909.86013, 0.2573698982227359
67919.86013, 0.2578879316880535
67929.86013, 0.258407463195381
67939.86013, 0.25892849274471835
67949.86013, 0.2594510203360657
67959.86013, 0.25997504596942306
67969.86013, 0.2605005696447903
67979.86013, 0.2610275913621674
67989.86013, 0.2615561111215546
67999.86013, 0.2620861289229516
68009.86013, 0.2626176447663586
68019.86013, 0.2631506586517755
68029.86013, 0.2636851705792024
68039.86013, 0.2642211805486392
68049.86013, 0.26475868856008594
68059.86013, 0.26529769461354263
68069.86013, 0.26583819870900927
68079.86013, 0.26638020084648584
68089.86013, 0.2669237010259723
68099.86013, 0.26746869924746874
68109.86013, 0.26801519551097513
68119.86013, 0.2685631898164914
68129.86013, 0.2691126821640177
68139.86013, 0.2696636725535539
68149.86013, 0.2702161609851
68159.86013, 0.2707701474586561
68169.86013, 0.2713256319742221
68179.86013, 0.271882614531798
68189.86013, 0.2724410951313839
68199.86013, 0.2730010737729798
68209.86013, 0.2735625504565855
68219.86013, 0.2741255251822012
68229.86013, 0.27468999794982685
68239.86013, 0.27525596875946245
68249.86013, 0.27582343761110795
68259.86013, 0.2763924045047634
68269.86013, 0.27696286944042875
68279.86013, 0.2775348324181041
68289.86013, 0.27810829343778937
68299.86013, 0.27868325249948456
68309.86013, 0.27925970960318974
68319.86013, 0.2798376647489048
68329.86013, 0.2804171179366298
68339.86013, 0.2809980691663648
68349.86013, 0.28158051843810966
68359.86013, 0.2821644657518645
68369.86013, 0.2827499111076293
68379.86013, 0.28333685450540397
68389.86013, 0.2839252959451887
68399.86013, 0.2845152354269833
68409.86013, 0.2851066729507878
68419.86013, 0.2856996085166022
68429.86013, 0.28629404212442666
68439.86013, 0.286889973774261
68449.86013, 0.2874874034661053
68459.86013, 0.2880863311999595
68469.86013, 0.28868675697582374
68479.86013, 0.28928868079369785
68489.86013, 0.28989210265358184
68499.86013, 0.29049702255547577
68509.86013, 0.29110344049937975
68519.86013, 0.29171135648529356
68529.86013, 0.2923207705132174
68539.86013, 0.2929316825831511
68549.86013, 0.2935440926950948
68559.86013, 0.2941580008490484
68569.86013, 0.294773407045012
68579.86013, 0.2953903112829854
68589.86013, 0.2960087135629689
68599.86013, 0.2966286138849622
68609.86013, 0.2972500122489655
68619.86013, 0.29787290865497873
68629.86013, 0.29849730310300193
68639.86013, 0.299123195593035
68649.86013, 0.2997505861250781
68659.86013, 0.30037947469913107
68669.86013, 0.301009861315194
68679.86013, 0.3016417459732669
68689.86013, 0.30227512867334966
68699.86013, 0.3029100094154424
68709.86013, 0.3035463881995451
68719.86013, 0.30418426502565776
68729.86013, 0.30482363989378036
68739.86013, 0.3054645128039128
68749.86013, 0.30610688375605527
68759.86013, 0.30675075275020763
68769.86013, 0.30739611978636994
68779.86013, 0.3080429848645422
68789.86013, 0.3086913479847244
68799.86013, 0.30934120914691654
68809.86013, 0.3099925683511186
68819.86013, 0.3106454255973306
68829.86013, 0.31129978088555255
68839.86013, 0.3119556342157844
68849.86013, 0.31261298558802625
68859.86013, 0.313271835002278
68869.86013, 0.31393218245853977
68879.86013, 0.31459402795681135
68889.86013, 0.315257371497093
68899.86013, 0.31592221307938445
68909.86013, 0.3165885527036859
68919.86013, 0.3172563903699973
68929.86013, 0.31792572607831865
68939.86013, 0.31859655982864993
68949.86013, 0.3192688916209911
68959.86013, 0.3199427214553423
68969.86013, 0.32061804933170335
68979.86013, 0.3212948752500744
68989.86013, 0.32197319921045536
68999.86013, 0.3226530212128463
69009.86013, 0.3233343412572471
69019.86013, 0.3240171593436579
69029.86013, 0.3247014754720786
69039.86013, 0.3253872896425093
69049.86013, 0.32607460185494985
69059.86013, 0.32676341210940035
69069.86013, 0.32745372040586085
69079.86013, 0.3281455267443313
69089.86013, 0.32883883112481166
69099.86013, 0.32953363354730186
69109.86013, 0.3302299340118022
69119.86013, 0.3309277325183123
69129.86013, 0.3316270290668324
69139.86013, 0.3323278236573624
69149.86013, 0.3330301162899024
69159.86013, 0.3337339069644524
69169.86013, 0.33443919568101216
69179.86013, 0.335145982439582
69189.86013, 0.3358542672401617
69199.86013, 0.3365640500827514
69209.86013, 0.337275330967351
69219.86013, 0.33798810989396055
69229.86013, 0.3387023868625801
69239.86013, 0.3394181618732095
69249.86013, 0.34013543492584886
69259.86013, 0.34085420602049815
69269.86013, 0.3415744751571574
69279.86013, 0.34229624233582656
69289.86013, 0.3430195075565057
69299.86013, 0.34374427081919473
69309.86013, 0.3444705321238938
69319.86013, 0.3451982914706027
69329.86013, 0.3459275488593216
69339.86013, 0.34665830429005035
69349.86013, 0.3473905577627891
69359.86013, 0.34812430927753785
69369.86013, 0.3488595588342964
69379.86013, 0.349596306433065
69389.86013, 0.3503345520738435
69399.86013, 0.35107429575663196
69409.86013, 0.3518155374814303
69419.86013, 0.35255827724823857
69429.86013, 0.3533025150570569
69439.86013, 0.35404825090788516
69449.86013, 0.35479548480072326
69459.86013, 0.3555442167355713
69469.86013, 0.3562944467124293
69479.86013, 0.3570461747312973
69489.86013, 0.35779940079217515
69499.86013, 0.35855412489506294
69509.86013, 0.35931034703996073
69519.86013, 0.36006806722686846
69529.86013, 0.36082728545578613
69539.86013, 0.3615880017267137
69549.86013, 0.36235021603965123
69559.86013, 0.36311392839459866
69569.86013, 0.36387913879155603
69579.86013, 0.36464584723052335
69589.86013, 0.36541405371150065
69599.86013, 0.36618375823448784
69609.86013, 0.36695496079948503
69619.86013, 0.3677276614064921
69629.86013, 0.3685018600555091
69639.86013, 0.3692775567465361
69649.86013, 0.370054751479573
69659.86013, 0.37083344425461984
69669.86013, 0.37161363507167666
69679.86013, 0.37239532393074337
69689.86013, 0.37317851083182
69699.86013, 0.3739631957749066
69709.86013, 0.37474937876000314
69719.86013, 0.3755370597871096
69729.86013, 0.376326238856226
69739.86013, 0.37711691596735236
69749.86013, 0.3779090911204887
69759.86013, 0.37870276431563493
69769.86013, 0.3794979355527911
69779.86013, 0.3802946048319572
69789.86013, 0.38109277215313325
69799.86013, 0.38189243751631924
69809.86013, 0.38269360092151516
69819.86013, 0.383496262368721
69829.86013, 0.38430042185793684
69839.86013, 0.3851060793891625
69849.86013, 0.3859132349623982
69859.86013, 0.38672188857764384
69869.86013, 0.3875320402348994
69879.86013, 0.3883436899341649
69889.86013, 0.38915683767544035
69899.86013, 0.3899714834587256
69909.86013, 0.390787627284021
69919.86013, 0.39160526915132626
69929.86013, 0.3924244090606414
69939.86013, 0.3932450470119665
69949.86013, 0.39406718300530164
69959.86013, 0.39489081704064666
69969.86013, 0.3957159491180015
69979.86013, 0.3965425792373664
69989.86013, 0.39737070739874125
69999.86013, 0.39820033360212603
70009.86013, 0.3990314578475207
70019.86013, 0.3998640801349253
70029.86013, 0.4006982004643399
70039.86013, 0.4015338188357644
70049.86013, 0.4023709352491988
70059.86013, 0.40320954970464323
70069.86013, 0.40404966220209754
70079.86013, 0.4048912727415618
70089.86013, 0.40573438132303596
70099.86013, 0.4065789879465201
70109.86013, 0.4074250926120142
70119.86013, 0.40827269531951826
70129.86013, 0.40912179606903215
70139.86013, 0.40997239486055603
70149.86013, 0.4108244916940899
70159.86013, 0.41167808656963367
70169.86013, 0.4125316807677046
70179.86013, 0.4133626102456725
70189.86013, 0.41417087500353744
70199.86013, 0.4149564750412994
70209.86013, 0.4157194103589583
70219.86013, 0.41645968095651426
70229.86013, 0.4171772868339673
70239.86013, 0.41787222799131735
70249.86013, 0.4185445044285644
70259.86013, 0.4191941161457084
70269.86013, 0.4198210631427495
70279.86013, 0.42042534541968757
70289.86013, 0.4210069629765227
70299.86013, 0.42156591581325475
70309.86013, 0.4221022039298839
70319.86013, 0.42261582732641007
70329.86013, 0.4231215170228102
70339.86013, 0.4236871571221634
70349.86013, 0.4243127476244698
70359.86013, 0.42499828852972926
70369.86013, 0.4257437798379418
70379.86013, 0.42654922154910746
70389.86013, 0.4274146136632262
70399.86013, 0.4283399561802981
70409.86013, 0.4293252491003231
70419.86013, 0.4303704924233011
70429.86013, 0.43147568614923226
70439.86013, 0.4326408302781165
70449.86013, 0.4338659248099539
70459.86013, 0.4351509697447444
70469.86013, 0.43649596508248795
70479.86013, 0.4379009108231846
70489.86013, 0.43936580696683436
70499.86013, 0.4408906535134372
70509.86013, 0.4424754504629932
70519.86013, 0.44411699067986665
70529.86013, 0.44577798102647415
70539.86013, 0.4474584215028158
70549.86013, 0.4491583121088916
70559.86013, 0.4508776528447016
70569.86013, 0.4526164437102457
70579.86013, 0.45437468470552395
70589.86013, 0.45615237583053636
70599.86013, 0.4579495170852829
70609.86013, 0.45976610846976357
70619.86013, 0.46160214998397836
70629.86013, 0.4634576416279273
70639.86013, 0.46533258340161043
70649.86013, 0.46722697530502766
70659.86013, 0.469140817338179
70669.86013, 0.47107410950106454
70679.86013, 0.4730268517936842
70689.86013, 0.474999044216038
70699.86013, 0.47699068676812595
70709.86013, 0.4790017794499481
70719.86013, 0.4810323222615043
70729.86013, 0.48308231520279465
70739.86013, 0.4851517582738191
70749.86013, 0.48724065147457785
70759.86013, 0.48934899480507066
70769.86013, 0.49147678826529756
70779.86013, 0.49362403185525855
70789.86013, 0.4957907255749538
70799.86013, 0.49797686942438324
70809.86013, 0.5001824634035468
70819.86013, 0.5024075075124445
70829.86013, 0.5046520017510762
70839.86013, 0.5069159461194421
70849.86013, 0.5091993406175422
70859.86013, 0.5115021852453764
70869.86013, 0.5138244800029447
70879.86013, 0.5161662248902472
70889.86013, 0.5185274199072838
70899.86013, 0.5209080650540546
70909.86013, 0.5233081603305595
70919.86013, 0.5257277057367986
70929.86013, 0.5281667012727718
70939.86013, 0.5306251469384792
70949.86013, 0.5331030427339206
70959.86013, 0.5356003886590962
70969.86013, 0.538117184714006
70979.86013, 0.5406534308986499
70989.86013, 0.5432091272130279
70999.86013, 0.5457842736571401
71009.86013, 0.5483788702309865
71019.86013, 0.550992916934567
71029.86013, 0.5536264137678816
71039.86013, 0.5562793607309304
71049.86013, 0.5589517578237133
71059.86013, 0.5616436050462303
71069.86013, 0.5643549023984815
71079.86013, 0.5670856498804668
71089.86013, 0.5698216227519651
71099.86013, 0.5725588407188907
71109.86013, 0.5752973037812437
71119.86013, 0.5780370119390237
71129.86013, 0.5807779651922311
71139.86013, 0.5835201635408658
71149.86013, 0.5862636069849277
71159.86013, 0.5890082955244169
71169.86013, 0.5917542291593334
71179.86013, 0.5945014078896771
71189.86013, 0.5972498317154481
71199.86013, 0.5999995006366463
71209.86013, 0.6027504146532718
71219.86013, 0.6055025737653246
71229.86013, 0.6082559779728047
71239.86013, 0.611010627275712
71249.86013, 0.6137665216740467
71259.86013, 0.6165236611678085
71269.86013, 0.6192820457569976
71279.86013, 0.6220416754416139
71289.86013, 0.6248025502216575
71299.86013, 0.6275646700971285
71309.86013, 0.6303280350680267
71319.86013, 0.6330926451343521
71329.86013, 0.6358585002961049
71339.86013, 0.6386256005532849
71349.86013, 0.6413939459058922
71359.86013, 0.6441635363539266
71369.86013, 0.6469343718973884
71379.86013, 0.6497064525362775
71389.86013, 0.6524797782705937
71399.86013, 0.6552543491003373
71409.86013, 0.6580301650255083
71419.86013, 0.6608072260461063
71429.86013, 0.6635855321621317
71439.86013, 0.6663650833735842
71449.86013, 0.6691458796804641
71459.86013, 0.6719279210827713
71469.86013, 0.6747112075805057
71479.86013, 0.6774957391736675
71489.86013, 0.6802815158622565
71499.86013, 0.6830685376462726
71509.86013, 0.6858568045257162
71519.86013, 0.6886463165005869
71529.86013, 0.6914370735708849
71539.86013, 0.6942290757366102
71549.86013, 0.6970223229977627
71559.86013, 0.6998168153543425
71569.86013, 0.7026125528063496
71579.86013, 0.7054095353537839
71589.86013, 0.7082077629966457
71599.86013, 0.7110072357349345
71609.86013, 0.7138079535686506
71619.86013, 0.716609916497794
71629.86013, 0.7194131245223647
71639.86013, 0.7222175776423627
71649.86013, 0.7250232758577879
71659.86013, 0.7278302191686404
71669.86013, 0.7306384075749203
71679.86013, 0.7334478410766272
71689.86013, 0.7362585196737614
71699.86013, 0.7390704433663231
71709.86013, 0.7418836121543118
71719.86013, 0.7446980260377278
71729.86013, 0.7475136850165713
71739.86013, 0.7503305890908419
71749.86013, 0.7531487382605397
71759.86013, 0.7559681325256649
71769.86013, 0.7587887718862172
71779.86013, 0.7616106563421969
71789.86013, 0.7644337858936038
71799.86013, 0.767258160540438
71809.86013, 0.7700837802826995
71819.86013, 0.7729106451203882
71829.86013, 0.7757387550535043
71839.86013, 0.7785681100820475
71849.86013, 0.781398710206018
71859.86013, 0.7842305554254159
71869.86013, 0.7870636457402409
71879.86013, 0.7898979811504931
71889.86013, 0.7927335616561728
71899.86013, 0.7955703872572796
71909.86013, 0.7984084579538138
71919.86013, 0.8012477737457752
71929.86013, 0.8040883346331638
71939.86013, 0.8069301406159797
71949.86013, 0.8097731916942229
71959.86013, 0.8126174878678933
71969.86013, 0.8154630291369911
71979.86013, 0.818309815501516
71989.86013, 0.8211578469614683
71999.86013, 0.8240071235168478
72009.86013, 0.8268576451676545
72019.86013, 0.8297094119138886
72029.86013, 0.83256242375555
72039.86013, 0.8354166806926385
72049.86013, 0.8382721827251544
72059.86013, 0.8411289298530974
72069.86013, 0.8439869220764679
72079.86013, 0.8468461593952654
72089.86013, 0.8497066418094903
72099.86013, 0.8525683693191426
72109.86013, 0.855431341924222
72119.86013, 0.8582955596247286
72129.86013, 0.8611610224206626
72139.86013, 0.8640277303120238
72149.86013, 0.8668956832988124
72159.86013, 0.8697648813810281
72169.86013, 0.8726353245586712
72179.86013, 0.8755070128317415
72189.86013, 0.878379946200239
72199.86013, 0.8812541246641639
72209.86013, 0.884129548223516
72219.86013, 0.8870062168782954
72229.86013, 0.8898841306285019
72239.86013, 0.8927632894741357
72249.86013, 0.895643693415197
72259.86013, 0.8985253424516855
72269.86013, 0.901408236583601
72279.86013, 0.904292375810944
72289.86013, 0.9071777601337142
72299.86013, 0.9100643895519117
72309.86013, 0.9129522640655365
72319.86013, 0.9158413836745884
72329.86013, 0.9187317483790677
72339.86013, 0.9216233581789743
72349.86013, 0.9245162130743081
72359.86013, 0.9274103130650692
72369.86013, 0.9303056581512575
72379.86013, 0.9332022483328731
72389.86013, 0.936100083609916
72399.86013, 0.9389991639823861
72409.86013, 0.9418994894502835
72419.86013, 0.9448010600136082
72429.86013, 0.9477038756723601
72439.86013, 0.9506079364265394
72449.86013, 0.9535132422761459
72459.86013, 0.9564197932211796
72469.86013, 0.9593275892616405
72479.86013, 0.9622366303975287
72489.86013, 0.9651469166288443
72499.86013, 0.9680584479555872
72509.86013, 0.9709712243777573
72519.86013, 0.9738852458953546
72529.86013, 0.9768005125083792
72539.86013, 0.979717024216831
72549.86013, 0.9826347810207101
72559.86013, 0.9855537829200165
72569.86013, 0.9884740299147501
72579.86013, 0.9913955220049111
72589.86013, 0.9943182591904993
72599.86013, 0.9972422414715147
72609.86013, 1.0001674688479574
72619.86013, 1.0030939413198272
72629.86013, 1.0060216588871245
72639.86013, 1.0089506215498492
72649.86013, 1.011880829308001
72659.86013, 1.01481228216158
72669.86013, 1.0177449801105862
72679.86013, 1.02067892315502
72689.86013, 1.023614111294881
72699.86013, 1.0265505445301688
72709.86013, 1.0294882228608844
72719.86013, 1.032427146287027
72729.86013, 1.0353673148085967
72739.86013, 1.0383087284255939
72749.86013, 1.0412513871380185
72759.86013, 1.04419529094587
72769.86013, 1.0471404398491488
72779.86013, 1.0500868338478553
72789.86013, 1.0530344729419887
72799.86013, 1.0559833571315496
72809.86013, 1.0589334864165376
72819.86013, 1.0618848607969529
72829.86013, 1.0648374802727953
72839.86013, 1.0677913448440652
72849.86013, 1.0707464545107623
72859.86013, 1.0737028092728869
72869.86013, 1.0766604091304384
72879.86013, 1.0796192540834173
72889.86013, 1.0825793441318234
72899.86013, 1.0855406792756568
72909.86013, 1.0885032595149176
72919.86013, 1.0914670848496053
72929.86013, 1.0944321552797205
72939.86013, 1.097398470805263
72949.86013, 1.100366031426233
72959.86013, 1.10333483714263
72969.86013, 1.1063048879544544
72979.86013, 1.1092761838617058
72989.86013, 1.1122487248643846
72999.86013, 1.115222510962491
73009.86013, 1.1181975421560242
73019.86013, 1.1211738184449846
73029.86013, 1.1241513398293725
73039.86013, 1.1271301063091876
73049.86013, 1.13011011788443
73059.86013, 1.1330913745550997
73069.86013, 1.1360738763211968
73079.86013, 1.1390576231827207
73089.86013, 1.1420426151396723
73099.86013, 1.1450288521920509
73109.86013, 1.1480163343398568
73119.86013, 1.1510050615830902
73129.86013, 1.153995033921751
73139.86013, 1.1569862513558387
73149.86013, 1.1599787138853537
73159.86013, 1.1629724215102961
73169.86013, 1.1659673742306658
73179.86013, 1.1689635720464628
73189.86013, 1.171961014957687
73199.86013, 1.174959702964338
73209.86013, 1.1779596360664168
73219.86013, 1.1809608142639227
73229.86013, 1.183963237556856
73239.86013, 1.1869669059452164
73249.86013, 1.189971819429004
73259.86013, 1.192977978008219
73269.86013, 1.1959853816828612
73279.86013, 1.1989940304529307
73289.86013, 1.2020039243184277
73299.86013, 1.2050150632793517
73309.86013, 1.2080274473357029
73319.86013, 1.2110410764874815
73329.86013, 1.2140559507346875
73339.86013, 1.2170720700773205
73349.86013, 1.2200894345153808
73359.86013, 1.2231080440488684
73369.86013, 1.2261278986777833
73379.86013, 1.2291489984021258
73389.86013, 1.2321713432218953
73399.86013, 1.235194933137092
73409.86013, 1.2382197681477158
73419.86013, 1.241245848253767
73429.86013, 1.2442731734552455
73439.86013, 1.2473017437521512
73449.86013, 1.2503315591444844
73459.86013, 1.2533626196322447
73469.86013, 1.256394925215432
73479.86013, 1.2594284758940468
73489.86013, 1.262463271668089
73499.86013, 1.2654993125375587
73509.86013, 1.2685365985024553
73519.86013, 1.271575129562779
73529.86013, 1.27461490571853
73539.86013, 1.2776559269697085
73549.86013, 1.2806981933163144
73559.86013, 1.2837417047583473
73569.86013, 1.2867864612958073
73579.86013, 1.2898324629286948
73589.86013, 1.2928797096570095
73599.86013, 1.2959282014807516
73609.86013, 1.2989779383999212
73619.86013, 1.3020289204145175
73629.86013, 1.3050811475245414
73639.86013, 1.3081346197299923
73649.86013, 1.3111893370308707
73659.86013, 1.3142452994271765
73669.86013, 1.3173025069189093
73679.86013, 1.3203609595060695
73689.86013, 1.3234206571886569
73699.86013, 1.3264815999666717
73709.86013, 1.3295437878401135
73719.86013, 1.3326072208089828
73729.86013, 1.3356718988732792
73739.86013, 1.3387378220330028
73749.86013, 1.341804990288154
73759.86013, 1.3448734036387324
73769.86013, 1.347943062084738
73779.86013, 1.3510139656261706
73789.86013, 1.3540861142630307
73799.86013, 1.357159507995318
73809.86013, 1.3602341468230328
73819.86013, 1.3633100307461745
73829.86013, 1.3663871597647435
73839.86013, 1.36946553387874
73849.86013, 1.3725451530881636
73859.86013, 1.3756260173930146
73869.86013, 1.378708126793293
73879.86013, 1.3817914812889982
73889.86013, 1.384876080880131
73899.86013, 1.3879619255666908
73909.86013, 1.391049015348678
73919.86013, 1.3941373502260928
73929.86013, 1.3972269301989346
73939.86013, 1.4003177552672035
73949.86013, 1.4034098254308998
73959.86013, 1.4065031406900235
73969.86013, 1.4095977010445744
73979.86013, 1.4126935064945525
73989.86013, 1.4157905570399578
73999.86013, 1.4188888526807906
74009.86013, 1.4219883934170503
74019.86013, 1.4250891792487377
74029.86013, 1.4281912101758523
74039.86013, 1.4312944861983938
74049.86013, 1.4343990073163628
74059.86013, 1.4375047735297588
74069.86013, 1.4406117848385824
74079.86013, 1.4437200412428333
74089.86013, 1.4468295427425113
74099.86013, 1.4499402893376168
74109.86013, 1.4530522810281492
74119.86013, 1.456165517814109
74129.86013, 1.4592799996954964
74139.86013, 1.4623957266723107
74149.86013, 1.4655126987445521
74159.86013, 1.468630915912221
74169.86013, 1.4717503781753172
74179.86013, 1.4748710855338407
74189.86013, 1.4779930379877915
74199.86013, 1.4811162355371694
74209.86013, 1.4842406781819746
74219.86013, 1.487366365922207
74229.86013, 1.4904932987578667
74239.86013, 1.4936214766889537
74249.86013, 1.4967508997154682
74259.86013, 1.4998091078047644
74269.86013, 1.5027335262754715
74279.86013, 1.5055241551275897
74289.86013, 1.5081809943611189
74299.86013, 1.5107040439760593
74309.86013, 1.5130933039724102
74319.86013, 1.5153487743501721
74329.86013, 1.5174704551093452
74339.86013, 1.5194583462499294
74349.86013, 1.520317963834828
74359.86013, 1.5211869562177653
74369.86013, 1.5220653233987418
74379.86013, 1.5229530653777572
74389.86013, 1.5238501821548118
74399.86013, 1.5247566737299056
74409.86013, 1.5256725401030382
74419.86013, 1.52659778127421
74429.86013, 1.5275323972434207
74439.86013, 1.5284763880106702
74449.86013, 1.5294297535759591
74459.86013, 1.5303924939392868
74469.86013, 1.5313646091006534
74479.86013, 1.5323460990600593
74489.86013, 1.533336963817504
74499.86013, 1.5343372033729878
74509.86013, 1.5353468177265108
74519.86013, 1.5363658068780723
74529.86013, 1.537394170827673
74539.86013, 1.5384319095753132
74549.86013, 1.539479023120992
74559.86013, 1.54053551146471
74569.86013, 1.541601374606467
74579.86013, 1.5426766125462628
74589.86013, 1.5437612252840978
74599.86013, 1.5448552128199717
74609.86013, 1.545958575153885
74619.86013, 1.547071312285837
74629.86013, 1.548193424215828
74639.86013, 1.5493249109438578
74649.86013, 1.5504657724699271
74659.86013, 1.5516160087940352
74669.86013, 1.5527756199161824
74679.86013, 1.5539446058363684
74689.86013, 1.5551229665545934
74699.86013, 1.5563107020708575
74709.86013, 1.557507812385161
74719.86013, 1.5587142974975032
74729.86013, 1.5599301574078845
74739.86013, 1.5611553921163046
74749.86013, 1.5623900016227639
74759.86013, 1.563633985927262
74769.86013, 1.5648873450297993
74779.86013, 1.566150078930376
74789.86013, 1.5674221876289913
74799.86013, 1.5687036711256457
74809.86013, 1.569994529420339
74819.86013, 1.5712947625130713
74829.86013, 1.5726043704038428
74839.86013, 1.573923353092653
74849.86013, 1.5752517105795023
74859.86013, 1.5765716926122386
74869.86013, 1.57784014619322
74879.86013, 1.5790570713224472
74889.86013, 1.5802224679999195
74899.86013, 1.5813363362256374
74909.86013, 1.5823986759996007
74919.86013, 1.5834094873218092
74929.86013, 1.5843687701922633
74939.86013, 1.585276524610963
74949.86013, 1.5861327505779077
74959.86013, 1.586937448093098
74969.86013, 1.5876906171565337
74979.86013, 1.588392257768215
74989.86013, 1.5890423699281415
74999.86013, 1.5896409536363134
75009.86013, 1.592893662180742
75019.86013, 1.5961412246594744
75029.86013, 1.599383641072511
75039.86013, 1.6026209114198515
75049.86013, 1.605853035701496
75059.86013, 1.6090800139174442
75069.86013, 1.6123018460676963
75079.86013, 1.6155185321522525
75089.86013, 1.6187300721711126
75099.86013, 1.6219364661242768
75109.86013, 1.6251377140117444
75119.86013, 1.6283338158335163
75129.86013, 1.6315247715895922
75139.86013, 1.6347105812799718
75149.86013, 1.6378912449046557
75159.86013, 1.6410667624636428
75169.86013, 1.6442371339569342
75179.86013, 1.6474023593845297
75189.86013, 1.650562438746429
75199.86013, 1.6537173720426324
75209.86013, 1.6568671592731397
75219.86013, 1.6600118004379505
75229.86013, 1.6631512955370655
75239.86013, 1.6662856445704846
75249.86013, 1.6694148475382076
75259.86013, 1.6725389044402346
75269.86013, 1.675657815276565
75279.86013, 1.6787715800471996
75289.86013, 1.6818801987521381
75299.86013, 1.6849836713913806
75309.86013, 1.6880819979649273
75319.86013, 1.6911751784727775
75329.86013, 1.6942632129149318
75339.86013, 1.69734610129139
75349.86013, 1.7004238436021522
75359.86013, 1.703496439847218
75369.86013, 1.7065638900265883
75379.86013, 1.7096261941402622
75389.86013, 1.7126833521882399
75399.86013, 1.7157353641705215
75409.86013, 1.7187822300871074
75419.86013, 1.7218239499379973
75429.86013, 1.7248605237231907
75439.86013, 1.727891951442688
75449.86013, 1.7309182330964894
75459.86013, 1.7339393686845948
75469.86013, 1.736955358207004
75479.86013, 1.7399662016637172
75489.86013, 1.7429718990547343
75499.86013, 1.745972450380055
75509.86013, 1.74896785563968
75519.86013, 1.751958114833609
75529.86013, 1.754943227961842
75539.86013, 1.7579231950243788
75549.86013, 1.760898016021219
75559.86013, 1.7638676909523638
75569.86013, 1.7668322198178124
75579.86013, 1.7697916026175649
75589.86013, 1.7727458393516211
75599.86013, 1.7756949300199814
75609.86013, 1.7786388746226456
75619.86013, 1.7815776731596138
75629.86013, 1.7845113256308858
75639.86013, 1.7874398320364617
75649.86013, 1.7903631923763415
75659.86013, 1.7932814066505254
75669.86013, 1.796194474859013
75679.86013, 1.7991023970018047
75689.86013, 1.8020051730789006
75699.86013, 1.8049028030902998
75709.86013, 1.8077952870360035
75719.86013, 1.8106826249160108
75729.86013, 1.8135648167303222
75739.86013, 1.8164418624789374
75749.86013, 1.8193137621618565
75759.86013, 1.8221805157790796
75769.86013, 1.8250421233306067
75779.86013, 1.8278985848164377
75789.86013, 1.8307499002365726
75799.86013, 1.8335960695910112
75809.86013, 1.8364370928797538
75819.86013, 1.8392729701028006
75829.86013, 1.842103701260151
75839.86013, 1.8449292863518056
75849.86013, 1.8477497253777642
75859.86013, 1.8505650183380262
75869.86013, 1.8533751652325927
75879.86013, 1.8561801660614627
75889.86013, 1.858980020824637
75899.86013, 1.8617747295221152
75909.86013, 1.864564292153897
75919.86013, 1.867348708719983
75929.86013, 1.8701279792203729
75939.86013, 1.8729021036550666
75949.86013, 1.8756710820240643
75959.86013, 1.8784349143273658
75969.86013, 1.8811936005649714
75979.86013, 1.8839471407368806
75989.86013, 1.886695534843094
75999.86013, 1.8894387828836114
76009.86013, 1.892176884858433
76019.86013, 1.894909840767558
76029.86013, 1.8976376506109869
76039.86013, 1.90036031438872
76049.86013, 1.903077832100757
76059.86013, 1.905790203747098
76069.86013, 1.9084974293277426
76079.86013, 1.9111995088426912
76089.86013, 1.9138964422919438
76099.86013, 1.9165882296755004
76109.86013, 1.9192748709933611
76119.86013, 1.9219563662455252
76129.86013, 1.9246327154319935
76139.86013, 1.9273039185527658
76149.86013, 1.9299699756078421
76159.86013, 1.9326308865972224
76169.86013, 1.9352866515209064
76179.86013, 1.9379372703788942
76189.86013, 1.9405827431711862
76199.86013, 1.9432230698977822
76209.86013, 1.945858250558682
76219.86013, 1.9484882851538856
76229.86013, 1.951113173683393
76239.86013, 1.9537329161472046
76249.86013, 1.95634751254532
76259.86013, 1.9589569628777395
76269.86013, 1.9615612671444629
76279.86013, 1.96416042534549
76289.86013, 1.966754437480821
76299.86013, 1.969343303550456
76309.86013, 1.971927023554395
76319.86013, 1.9745055974926382
76329.86013, 1.977079025365185
76339.86013, 1.9796473071720357
76349.86013, 1.9822104429131904
76359.86013, 1.984768432588649
76369.86013, 1.9873212761984116
76379.86013, 1.9898689737424782
76389.86013, 1.9924115252208485
76399.86013, 1.9949489306335229
76409.86013, 1.9974811899805012
76419.86013, 2.0000083032617835
76429.86013, 2.00253027047737
76439.86013, 2.00504709162726
76449.86013, 2.007558766711454
76459.86013, 2.010065295729951
76469.86013, 2.0125666786827527
76479.86013, 2.015062915569859
76489.86013, 2.0175540063912685
76499.86013, 2.020039951146982
76509.86013, 2.0225207498369997
76519.86013, 2.024996402461321
76529.86013, 2.0274669090199464
76539.86013, 2.029932269512875
76549.86013, 2.0323924839401086
76559.86013, 2.034847552301646
76569.86013, 2.0372974745974872
76579.86013, 2.0397422508276324
76589.86013, 2.0421818809920813
76599.86013, 2.044616365090834
76609.86013, 2.047045703123891
76619.86013, 2.0494698950912515
76629.86013, 2.051888940992916
76639.86013, 2.0543028408288846
76649.86013, 2.056711594599157
76659.86013, 2.0591152023037336
76669.86013, 2.061513663942614
76679.86013, 2.063906979515798
76689.86013, 2.0662951490232864
76699.86013, 2.0686781724650785
76709.86013, 2.0710560498411743
76719.86013, 2.073428781151574
76729.86013, 2.075796366396278
76739.86013, 2.078158805575286
76749.86013, 2.080516098688598
76759.86013, 2.082868245736214
76769.86013, 2.0852152467181337
76779.86013, 2.087557101634357
76789.86013, 2.089893810484884
76799.86013, 2.092225373269715
76809.86013, 2.0945517899888504
76819.86013, 2.09687306064229
76829.86013, 2.099189185230033
76839.86013, 2.10150016375208
76849.86013, 2.1038059962084312
76859.86013, 2.1061066825990857
76869.86013, 2.108402222924045
76879.86013, 2.1106926171833074
76889.86013, 2.1129778653768745
76899.86013, 2.115257967504745
76909.86013, 2.1175329235669196
76919.86013, 2.119802733563398
76929.86013, 2.1220673974941806
76939.86013, 2.124326915359267
76949.86013, 2.126581287158657
76959.86013, 2.128830512892351
76969.86013, 2.131074592560349
76979.86013, 2.133313526162651
76989.86013, 2.135547313699257
76999.86013, 2.137775955170167
77009.86013, 2.139999450575381
77019.86013, 2.142217799914899
77029.86013, 2.14443100318872
77039.86013, 2.1466390603968457
77049.86013, 2.1488419715392757
77059.86013, 2.151039736616009
77069.86013, 2.153232355627046
77079.86013, 2.155419828572388
77089.86013, 2.1576021554520333
77099.86013, 2.159779336265982
77109.86013, 2.161951371014235
77119.86013, 2.164118259696792
77129.86013, 2.166280002313653
77139.86013, 2.168436598864818
77149.86013, 2.1705880493502865
77159.86013, 2.1727343537700587
77169.86013, 2.1748755121241357
77179.86013, 2.177011524412516
77189.86013, 2.1791423906352008
77199.86013, 2.181268110792189
77209.86013, 2.183388684883481
77219.86013, 2.1855041129090775
77229.86013, 2.1876143948689775
77239.86013, 2.189719530763182
77249.86013, 2.1918195205916904
77259.86013, 2.193914364354502
77269.86013, 2.196004062051618
77279.86013, 2.1980886136830375
77289.86013, 2.2001680192487614
77299.86013, 2.202242278748789
77309.86013, 2.2043113921831208
77319.86013, 2.206375359551756
77329.86013, 2.2084341808546952
77339.86013, 2.2104878560919388
77349.86013, 2.2125363852634856
77359.86013, 2.214579768369337
77369.86013, 2.2166180054094924
77379.86013, 2.2186510963839514
77389.86013, 2.2206790412927147
77399.86013, 2.222701840135781
77409.86013, 2.2247194929131524
77419.86013, 2.2267319996248274
77429.86013, 2.2287393602708057
77439.86013, 2.230741574851088
77449.86013, 2.232738643365675
77459.86013, 2.2347305658145653
77469.86013, 2.23671734219776
77479.86013, 2.238698972515258
77489.86013, 2.2406754567670597
77499.86013, 2.242646794953166
77509.86013, 2.2446129870735763
77519.86013, 2.24657403312829
77529.86013, 2.2485299331173083
77539.86013, 2.25048068704063
77549.86013, 2.252426294898256
77559.86013, 2.2543667566901857
77569.86013, 2.2563020724164193
77579.86013, 2.2582322420769567
77589.86013, 2.2601572656717983
77599.86013, 2.262077143200944
77609.86013, 2.2639918746643932
77619.86013, 2.2659014600621465
77629.86013, 2.2678058993942036
77639.86013, 2.2697051926605645
77649.86013, 2.2715993398612295
77659.86013, 2.2734883409961983
77669.86013, 2.275372196065472
77679.86013, 2.2772509050690486
77689.86013, 2.279124468006929
77699.86013, 2.280992884879114
77709.86013, 2.2828561556856024
77719.86013, 2.284714280426395
77729.86013, 2.286567259101492
77739.86013, 2.2884150917108923
77749.86013, 2.2902577782545968
77759.86013, 2.292095318732605
77769.86013, 2.2939277131449165
77779.86013, 2.295754961491533
77789.86013, 2.297577063772453
77799.86013, 2.299394019987677
77809.86013, 2.3012058301372043
77819.86013, 2.303012494221036
77829.86013, 2.3048140122391723
77839.86013, 2.3066103841916115
77849.86013, 2.3084016100783553
77859.86013, 2.310187689899403
77869.86013, 2.311968623654754
77879.86013, 2.3137444113444094
77889.86013, 2.3155150529683692
77899.86013, 2.3172805485266323
77909.86013, 2.319040898019199
77919.86013, 2.3207961014460703
77929.86013, 2.3225461588072456
77939.86013, 2.324291070102724
77949.86013, 2.326030835332507
77959.86013, 2.3277654544965936
77969.86013, 2.3294949275949843
77979.86013, 2.331219254627679
77989.86013, 2.3329384355946776
77999.86013, 2.33465247049598
78009.86013, 2.3363613593315864
78019.86013, 2.338065102101497
78029.86013, 2.3397636988057107
78039.86013, 2.341457149444229
78049.86013, 2.3431454540170513
78059.86013, 2.3448286125241773
78069.86013, 2.346506624965607
78079.86013, 2.3481794913413414
78089.86013, 2.3498472116513787
78099.86013, 2.3515097858957206
78109.86013, 2.353167214074366
78119.86013, 2.3548194961873152
78129.86013, 2.356466632234569
78139.86013, 2.3581086222161263
78149.86013, 2.359745466131988
78159.86013, 2.3613771639821532
78169.86013, 2.3630037157666224
78179.86013, 2.3646251214853957
78189.86013, 2.3662413811384724
78199.86013, 2.3678524947258532
78209.86013, 2.3694584622475388
78219.86013, 2.371059283703527
78229.86013, 2.3726549590938197
78239.86013, 2.3742454884184165
78249.86013, 2.375830871677317
78259.86013, 2.377411108870522
78269.86013, 2.3789861999980304
78279.86013, 2.3805561450598427
78289.86013, 2.3821209440559588
78299.86013, 2.3836805969863786
78309.86013, 2.385235103851103
78319.86013, 2.3867844646501313
78329.86013, 2.3883286793834633
78339.86013, 2.389867748051099
78349.86013, 2.391401670653039
78359.86013, 2.3929304471892827
78369.86013, 2.3944540776598306
78379.86013, 2.3959725620646823
78389.86013, 2.397485900403838
78399.86013, 2.3989940926772975
78409.86013, 2.400497138885061
78419.86013, 2.401995039027128
78429.86013, 2.403487793103499
78439.86013, 2.404975401114174
78449.86013, 2.4064578630591535
78459.86013, 2.4079351789384362
78469.86013, 2.409407348752023
78479.86013, 2.410874372499914
78489.86013, 2.4123362501821095
78499.86013, 2.413792981798608
78509.86013, 2.4152445673494105
78519.86013, 2.416691006834517
78529.86013, 2.4181323002539283
78539.86013, 2.4195684476076424
78549.86013, 2.4209994488956608
78559.86013, 2.4224253041179833
78569.86013, 2.423846013274609
78579.86013, 2.425261576365539
78589.86013, 2.4266719933907734
78599.86013, 2.4280772643503115
78609.86013, 2.4294773892441532
78619.86013, 2.430872368072299
78629.86013, 2.4322622008347485
78639.86013, 2.433646887531502
78649.86013, 2.43502642816256
78659.86013, 2.4364008227279217
78669.86013, 2.437770071227587
78679.86013, 2.4391341736615564
78689.86013, 2.44049313002983
78699.86013, 2.441846940332407
78709.86013, 2.443195604569288
78719.86013, 2.444539122740473
78729.86013, 2.4458774948459623
78739.86013, 2.447210720885755
78749.86013, 2.4485388008598528
78759.86013, 2.449861734768253
78769.86013, 2.451179522610958
78779.86013, 2.4524921643879662
78789.86013, 2.453799660099279
78799.86013, 2.4551020097448952
78809.86013, 2.456399213324816
78819.86013, 2.45769127083904
78829.86013, 2.4589781822875683
78839.86013, 2.4602599476704006
78849.86013, 2.4615365669875375
78859.86013, 2.4628080402389774
78869.86013, 2.464074367424721
78879.86013, 2.4653355485447688
78889.86013, 2.466591583599121
78899.86013, 2.4678424725877766
78909.86013, 2.469088215510736
78919.86013, 2.470328812368
78929.86013, 2.4715642631595673
78939.86013, 2.4727945678854386
78949.86013, 2.474019726545614
78959.86013, 2.4752397391400933
78969.86013, 2.4764546056688768
78979.86013, 2.477664326131964
78989.86013, 2.478868900529355
78999.86013, 2.4800683288610506
79009.86013, 2.4812626111270495
79019.86013, 2.482451747327352
79029.86013, 2.483635737461959
79039.86013, 2.4848145815308698
79049.86013, 2.485988279534084
79059.86013, 2.487156831471603
79069.86013, 2.4883202373434252
79079.86013, 2.489478497149552
79089.86013, 2.490631610889982
79099.86013, 2.4917795785647163
79109.86013, 2.4929224001737547
79119.86013, 2.4940600757170968
79129.86013, 2.4951926051947426
79139.86013, 2.4963199886066927
79149.86013, 2.4974422259529465
79159.86013, 2.4985593172335046
79169.86013, 2.4996712624483663
79179.86013, 2.5007780615975324
79189.86013, 2.5018797146810017
79199.86013, 2.5029762216987756
79209.86013, 2.504067582650853
79219.86013, 2.505153797537234
79229.86013, 2.5062348663579193
79239.86013, 2.5073107891129087
79249.86013, 2.5083815658022015
79259.86013, 2.5094471964257985
79269.86013, 2.5105076809836997
79279.86013, 2.5115630194759047
79289.86013, 2.512613211902414
79299.86013, 2.5136582582632268
79309.86013, 2.514698158558343
79319.86013, 2.515732912787764
79329.86013, 2.5167625209514886
79339.86013, 2.517786983049517
79349.86013, 2.518806299081849
79359.86013, 2.5198204690484856
79369.86013, 2.5208294929494257
79379.86013, 2.52183337078467
79389.86013, 2.522832102554218
79399.86013, 2.52382568825807
79409.86013, 2.524814127896226
79419.86013, 2.525797421468686
79429.86013, 2.52677556897545
79439.86013, 2.5277485704165175
79449.86013, 2.5287164257918895
79459.86013, 2.529679135101565
79469.86013, 2.5306366983455444
79479.86013, 2.531589115523828
79489.86013, 2.5325363866364157
79499.86013, 2.533478511683307
79509.86013, 2.534415490664502
79519.86013, 2.5353473235800013
79529.86013, 2.5362740104298043
79539.86013, 2.5371955512139115
79549.86013, 2.538111945932322
79559.86013, 2.5390231945850372
79569.86013, 2.539929297172056
79579.86013, 2.5408302536933784
79589.86013, 2.5417260641490054
79599.86013, 2.5426167285389356
79609.86013, 2.5435022468631705
79619.86013, 2.544382619121709
79629.86013, 2.545257845314551
79639.86013, 2.5461279254416977
79649.86013, 2.546992859503148
79659.86013, 2.547852647498902
79669.86013, 2.5487072894289597
79679.86013, 2.549556785293322
79689.86013, 2.5504011350919873
79699.86013, 2.551240338824958
79709.86013, 2.5520743964922317
79719.86013, 2.552903308093809
79729.86013, 2.5537270736296906
79739.86013, 2.554545693099876
79749.86013, 2.5553591665043656
79759.86013, 2.5561674938431587
79769.86013, 2.5569706751162564
79779.86013, 2.5577687103236575
79789.86013, 2.5585615994653628
79799.86013, 2.559349342541372
79809.86013, 2.560131939551685
79819.86013, 2.5609093904963016
79829.86013, 2.5616816953752224
79839.86013, 2.5624488541884474
79849.86013, 2.563210866935976
79859.86013, 2.5639677336178086
79869.86013, 2.5647194542339453
79879.86013, 2.5654660287843853
79889.86013, 2.56620745726913
79899.86013, 2.566943739688178
79909.86013, 2.5676748760415307
79919.86013, 2.5684008663291866
79929.86013, 2.5691217105511472
79939.86013, 2.569837408707411
79949.86013, 2.570547960797979
79959.86013, 2.5712533668228508
79969.86013, 2.571953626782027
79979.86013, 2.5726487406755068
79989.86013, 2.57333870850329
79999.86013, 2.574023530265378
80009.86013, 2.5747032059617694
80019.86013, 2.575377735592465
80029.86013, 2.576047119157464
80039.86013, 2.576711356656767
80049.86013, 2.5773704480903743
80059.86013, 2.5780243934582856
80069.86013, 2.5786731927605007
80079.86013, 2.57931684599702
80089.86013, 2.579955353167843
80099.86013, 2.5805887142729698
80109.86013, 2.5812169293124003
80119.86013, 2.581839998286135
80129.86013, 2.582457921194174
80139.86013, 2.5830706980365163
80149.86013, 2.583678328813163
80159.86013, 2.584280813524113
80169.86013, 2.5848781521693676
80179.86013, 2.5854703447489262
80189.86013, 2.586057391262788
80199.86013, 2.586639291710954
80209.86013, 2.587216046093424
80219.86013, 2.5877876544101976
80229.86013, 2.588354116661276
80239.86013, 2.588915432846658
80249.86013, 2.5894716029663436
80259.86013, 2.5900226270203333
80269.86013, 2.590568505008627
80279.86013, 2.5911092369312243
80289.86013, 2.591644822788126
80299.86013, 2.5921752625793317
80309.86013, 2.5927005563048406
80319.86013, 2.5932207039646538
80329.86013, 2.593735705558771
80339.86013, 2.594245561087192
80349.86013, 2.5947502705499175
80359.86013, 2.595249833946946
80369.86013, 2.595744251278279
80379.86013, 2.5962357845550743
80389.86013, 2.5967381452931746
80399.86013, 2.5972513334925798
80409.86013, 2.5977753491532902
80419.86013, 2.598310192275306
80429.86013, 2.598855862858626
80439.86013, 2.5994123609032513
80449.86013, 2.599979686409182
80459.86013, 2.600557839376417
80469.86013, 2.601146819804957
80479.86013, 2.6017466276948027
80489.86013, 2.6023572630459526
80499.86013, 2.602978725858408
80509.86013, 2.6036110161321684
80519.86013, 2.6042541338672334
80529.86013, 2.6049080790636037
80539.86013, 2.605572851721279
80549.86013, 2.606248451840259
80559.86013, 2.6069348794205442
80569.86013, 2.607632134462135
80579.86013, 2.6083402169650296
80589.86013, 2.6090591269292296
80599.86013, 2.609788864354735
80609.86013, 2.610529429241545
80619.86013, 2.6112808215896606
80629.86013, 2.6120430413990805
80639.86013, 2.6128160886698057
80649.86013, 2.6135999634018354
80659.86013, 2.6143946655951704
80669.86013, 2.6152001952498103
80679.86013, 2.616016552365755
80689.86013, 2.616843736943005
80699.86013, 2.61768174898156
80709.86013, 2.6185305884814203
80719.86013, 2.6193902554425854
80729.86013, 2.6202607498650554
80739.86013, 2.6211420717488303
80749.86013, 2.6220342210939105
80759.86013, 2.6229371979002956
80769.86013, 2.6238510021679855
80779.86013, 2.6247756338969803
80789.86013, 2.62571109308728
80799.86013, 2.626657379738885
80809.86013, 2.6276144938517945
80819.86013, 2.6285824354260097
80829.86013, 2.6295612044615293
80839.86013, 2.630550800958354
80849.86013, 2.6315512249164836
80859.86013, 2.6325624763359183
80869.86013, 2.6335845552166584
80879.86013, 2.6346174615587032
80889.86013, 2.635661195362053
80899.86013, 2.6367157566267077
80909.86013, 2.637781145352667
80919.86013, 2.638857361539932
80929.86013, 2.639944405188502
80939.86013, 2.6410422762983767
80949.86013, 2.642150974869556
80959.86013, 2.643270500902041
80969.86013, 2.6444008543958306
80979.86013, 2.645542035350925
80989.86013, 2.646694043767325
80999.86013, 2.6478568796450292
81009.86013, 2.649030542984039
81019.86013, 2.6502150337843533
81029.86013, 2.651410352045973
81039.86013, 2.6526164977688977
81049.86013, 2.6538334709531273
81059.86013, 2.655061271598662
81069.86013, 2.656299899705502
81079.86013, 2.657549355273646
81089.86013, 2.658809638303096
81099.86013, 2.6600807487938503
81109.86013, 2.6613626867459095
81119.86013, 2.662655452159274
81129.86013, 2.6639590450339434
81139.86013, 2.665273465369918
81149.86013, 2.66659869465582
81159.86013, 2.6679339425514437
81169.86013, 2.669279209056789
81179.86013, 2.6706344941718565
81189.86013, 2.671999797896645
81199.86013, 2.6733751202311558
81209.86013, 2.674760461175388
81219.86013, 2.676155820729342
81229.86013, 2.6775611988930175
81239.86013, 2.678976595666415
81249.86013, 2.6804020110495337
81259.86013, 2.6818374450423748
81269.86013, 2.6832828976449368
81279.86013, 2.684738368857221
81289.86013, 2.6862038586792267
81299.86013, 2.6876793671109542
81309.86013, 2.689164894152403
81319.86013, 2.690660439803574
81329.86013, 2.692166004064467
81339.86013, 2.6936815869350803
81349.86013, 2.6952071884154165
81359.86013, 2.696742808505474
81369.86013, 2.6982884472052535
81379.86013, 2.6998441045147548
81389.86013, 2.701409780433977
81399.86013, 2.702985474962922
81409.86013, 2.704571188101588
81419.86013, 2.706166919849976
81429.86013, 2.707772670208085
81439.86013, 2.709388439175916
81449.86013, 2.711014226753469
81459.86013, 2.7126500329407435
81469.86013, 2.71429585773774
81479.86013, 2.7159517011444576
81489.86013, 2.7176175631608968
81499.86013, 2.7192934437870577
81509.86013, 2.720979343022941
81519.86013, 2.7226752608685456
81529.86013, 2.7243811973238725
81539.86013, 2.72609715238892
81549.86013, 2.7278231260636896
81559.86013, 2.729559118348181
81569.86013, 2.7313051292423944
81579.86013, 2.7330611587463296
81589.86013, 2.7348272068599857
81599.86013, 2.736603273583364
81609.86013, 2.7383893589164634
81619.86013, 2.740185462859285
81629.86013, 2.7419915854118284
81639.86013, 2.743807726574093
81649.86013, 2.7456338863460794
81659.86013, 2.747470064727788
81669.86013, 2.749316261719218
81679.86013, 2.75117247732037
81689.86013, 2.7530387115312434
81699.86013, 2.7549149643518382
81709.86013, 2.756801235782155
81719.86013, 2.7586975258221935
81729.86013, 2.760603834471954
81739.86013, 2.7625201617314357
81749.86013, 2.764446507600639
81759.86013, 2.7663828720795642
81769.86013, 2.768329255168211
81779.86013, 2.7702856568665797
81789.86013, 2.77225207717467
81799.86013, 2.774228516092482
81809.86013, 2.7762149736200157
81819.86013, 2.7782114497572707
81829.86013, 2.780217944504248
81839.86013, 2.7822344578609464
81849.86013, 2.7842609898273674
81859.86013, 2.7862975404035093
81869.86013, 2.7883441095893735
81879.86013, 2.7904006973849587
81889.86013, 2.792467303790266
81899.86013, 2.7945439288052953
81909.86013, 2.7966305724300455
81919.86013, 2.798727234664518
81929.86013, 2.800833915508712
81939.86013, 2.8029506149626275
81949.86013, 2.8050773330262646
81959.86013, 2.8072140696996235
81969.86013, 2.8093608249827047
81979.86013, 2.8115175988755063
81989.86013, 2.8136843913780307
81999.86013, 2.8158612024902765
82009.86013, 2.818048032212244
82019.86013, 2.8202448805439335
82029.86013, 2.822451747485344
82039.86013, 2.824668633036477
82049.86013, 2.8268955371973314
82059.86013, 2.8291324599679073
82069.86013, 2.8313794013482045
82079.86013, 2.833636361338224
82089.86013, 2.835903339937965
82099.86013, 2.8381803371474277
82109.86013, 2.8404673529666122
82119.86013, 2.842764387395518
82129.86013, 2.8450714404341455
82139.86013, 2.8473885120824947
82149.86013, 2.849715602340566
82159.86013, 2.8520527112083593
82169.86013, 2.854399838685874
82179.86013, 2.85675698477311
82189.86013, 2.859124149470068
82199.86013, 2.8615013327767476
82209.86013, 2.863888534693149
82219.86013, 2.866285755219272
82229.86013, 2.8686929943551163
82239.86013, 2.871110252100683
82249.86013, 2.873537528455971
82259.86013, 2.875974823420981
82269.86013, 2.878422136995712
82279.86013, 2.8808794691801647
82289.86013, 2.88334681997434
82299.86013, 2.8858241893782366
82309.86013, 2.8883115773918546
82319.86013, 2.8908089840151945
82329.86013, 2.8933164092482566
82339.86013, 2.8958338530910397
82349.86013, 2.8983613155435446
82359.86013, 2.9008987966057713
82369.86013, 2.9034462962777194
82379.86013, 2.9060038145593894
82389.86013, 2.908571351450781
82399.86013, 2.9111489069518943
82409.86013, 2.9137364810627293
82419.86013, 2.9163340737832866
82429.86013, 2.9189416851135648
82439.86013, 2.921559315053565
82449.86013, -inf
82459.86013, -inf
