617.831719 2.73
1448.793346 4.26
2091.705118 3.63
2397.640622 3.61
3031.352352 6.41
7060.332445 2.42
7230.373831 2.71
7473.45947 3.09
7590.5831 1.81
10232.96069 4.16
10382.90687 2.82
25693.91314 1.19
25926.34337 1.16
36128.13727 5.82
36391.40765 4.92
36450.09492 0.8
36936.82194 2.74
37652.77447 6.92
38390.42947 3.36
42610.00107 3.1
42825.62058 5.99
42927.6693 6.29
45383.00931 2.33
45567.52993 2.68
45802.67771 1.38
46013.83144 1.05
46228.91142 2.1
46264.8684 4.05
47213.39053 4.26
47304.27074 2.16
47458.32478 2.96
47854.6073 9.75
49014.23627 1.6
49385.76887 3.37
50483.9088 4.03
51643.25913 2.23
52318.26724 2.96
52487.6941 4.35
53265.61462 7.29
54727.70305 2.29
54638.30665 0.99
55248.92581 3.44
55702.83825 3.18
56368.53759 9.45
57503.5698 2.57
57622.80197 3.02
57699.94415 3.95
57915.28065 4.87
60517.14123 5.14
62083.3864 2.95
62219.82704 2.89
62812.83819 1.7
65524.571 2.03
65766.96985 2.18
66078.3061 1.48
70182.29916 1.19
72941.82058 1.45
73265.36195 1.97
73907.02725 1.2
74575.67114 2.11
75048.1281 2.57
75391.73032 9.19
81835.30763 1.89
81940.01499 2.12